-6.11243 4.40544 889.089 250 255 249
-16.5126 -12.6991 858.171 255 250 233
-17.1887 -43.6064 884.228 249 255 249
-24.5268 -44.8084 932.659 60 58 54
-493.63 346.146 1379.72 224 230 223
-1050.97 19.8012 1400.52 67 68 61
-457.099 -8.45365 1204.93 195 179 167
-403.194 44.7147 1238.1 210 212 209
52.9834 -11.084 898.573 209 210 188
-69.5636 -121.569 1096.92 230 237 234
-420.837 149.464 1245.53 17 1 0
-478.981 126.486 1111.65 105 72 55
172.518 -154.711 1019.5 8 5 3
-95.6607 181.244 1019.04 255 247 250
-67.2426 -31.2522 906.672 204 194 176
-441.426 214.117 1132.74 240 228 214
162.749 338.59 1018.8 16 34 24
-456.072 240.995 1189.25 255 251 239
-453.339 143.112 1359.93 200 176 157
42.2024 134.782 887.821 80 81 69
-572.876 133.438 1172.35 254 249 242
-1804.29 31.9924 2438 144 147 134
-406.283 182.863 1253.34 24 4 2
-152.376 47.4969 959.952 215 198 200
-407.131 209.855 1048.91 91 67 53
-85.7149 184.193 1021.43 251 234 218
116.361 262.844 1048.13 253 255 246
-1214.63 9.00467 1611.45 151 156 141
126.518 431.047 1182.31 85 111 118
20.8481 84.3077 898.765 242 238 219
-329.417 206.715 1229.93 215 196 177
123.295 292.724 1008.39 254 255 249
-393.451 185.912 997.139 90 67 41
-416.342 13.887 1353.92 52 36 30
45.7014 -17.9444 854.348 246 255 245
125.758 238.33 969.751 245 242 227
26.3826 -127.214 1042.55 71 72 74
-522.215 -28.8247 1030.23 120 109 80
13.1266 -53.5791 924.573 236 247 239
52.3694 2.11976 868.696 204 204 190
-364.25 253.007 1401.64 224 226 218
-349.917 229.058 1314.23 219 222 216
-371.685 301.264 1494.83 132 138 124
-466.687 -11.8197 1245.03 198 178 161
-165.136 51.5966 992.855 245 239 238
-185.207 -13.0271 972.615 211 200 197
-23.6244 -52.1765 900.696 237 241 242
-605.79 360.28 1408.33 91 93 91
107.813 255.867 937.494 253 253 250
-476.907 132.167 1113.31 255 243 227
-581.302 30.6081 1219.99 255 250 223
-140.083 162.883 1046.45 250 248 238
-84.9872 -118.66 1107.74 224 227 219
-417.688 144.071 1188.69 178 164 152
-400.518 141.997 1303.94 194 154 136
-167.369 -19.5849 940.794 175 157 143
-420.897 38.5607 1286.36 149 142 139
-48.1214 170.76 967.059 250 240 231
-72.7633 -100.643 1075.48 229 194 176
-49.1522 -80.2716 1018.53 209 192 197
103.661 138.619 993.278 80 80 76
-501.496 67.8153 1093.99 216 192 162
99.7821 153.629 964.473 178 184 162
111.32 255.013 969.394 212 215 208
-125.088 157.272 1010.54 255 247 249
38.7081 64.4217 899.996 251 252 251
-510.13 99.1011 1143.46 255 248 213
-406.603 46.8708 1297.27 165 174 167
-482.608 8.46888 1094.09 188 190 188
13.6582 55.6258 866.999 215 208 196
-430.947 27.4064 1215.74 217 208 203
-513.873 81.8614 1139.02 203 168 147
94.4518 145.025 925.051 247 249 241
-1229.35 55.0004 1682.1 83 84 78
203.77 452.617 1158.88 182 205 226
-125.014 147.173 1009.73 254 252 252
-518.215 0.441638 1173.24 221 213 190
96.6253 459.562 1137.18 137 168 169
-81.0852 -72.1633 1028.57 244 211 202
-74.4908 48.9154 942.398 254 242 229
-106.105 -76.8302 1023.36 236 230 232
-70.8362 91.9485 966.673 253 254 242
-436.984 221.249 1193.56 178 192 180
-103.397 234.723 1021.75 224 229 214
-374.428 285.71 1490.73 56 56 49
-376.036 119.913 1308.77 25 5 4
-600.113 225.79 1234.35 224 227 213
-362.1 317.459 1501.58 62 57 50
-521.329 16.336 1078.4 232 190 154
-401.782 33.7422 1228.41 37 31 23
-475.719 153.368 1509.77 211 196 186
-67.7798 87.2155 980.534 186 179 167
-52.893 40.7463 915.836 253 252 247
83.2234 172.814 945.693 243 255 246
-17.3242 210.179 1037.58 249 243 234
107.306 187.758 950.358 166 171 157
97.8556 219.989 932.761 248 255 241
71.4657 210.817 1053.53 115 123 107
-401.379 -51.3367 1165.38 131 165 173
-381.499 168.862 998.165 174 159 152
-60.5642 92.2243 982.333 240 238 232
-53.4302 168.697 989.849 255 246 236
33.064 -122.734 1005.66 79 77 72
-35.6752 -9.64485 871.211 86 71 69
-134.17 74.2957 1001.69 254 253 242
-65.724 208.167 1027.68 121 109 90
-438.951 20.8714 1491.31 18 21 13
-446.954 156.189 1288.27 176 167 157
-59.0495 51.8399 932.336 217 201 191
97.0063 128.204 944.062 107 104 103
-81.6235 255.996 1068.26 234 231 207
-75.1255 -81.7749 1037.8 79 70 59
-55.5917 195.671 1028.71 243 215 200
-370.663 12.6066 1236.53 72 72 65
34.132 50.9984 898.347 230 251 245
-678.416 58.6169 1177.82 171 157 146
-95.1652 -77.5889 1050.85 203 165 162
-428.046 194.847 1134.47 69 57 56
-598.261 238.896 1246.98 231 229 218
112.103 187.039 983.429 245 249 239
130.315 119.333 947.719 40 19 9
-71.6989 -26.763 906.19 178 154 139
70.2603 367.443 1081.44 129 144 144
-424.577 263.596 979.59 111 114 111
-8.15855 47.6598 940.949 212 205 193
-476.383 313.833 1309.12 233 221 188
-45.2507 24.2488 933.239 211 194 185
-578.315 88.0151 1110.24 236 219 204
-450.91 5.7508 1402.37 137 103 92
-82.8178 79.4488 945.715 240 236 224
-394.029 21.2817 1298.13 176 178 168
-399.778 276.569 1216.51 207 209 197
-488.832 105.681 1153.73 35 34 13
-439.199 208.291 1178.73 214 206 211
-419.199 5.23376 1286.04 169 137 123
45.8969 8.5502 868.312 247 255 224
113.771 230.592 868.73 125 121 113
38.1058 -14.5243 838.868 104 116 97
-144.373 136.483 1004.44 254 247 228
-46.9124 -44.5243 839.82 163 191 186
-421.807 163.04 1243.71 203 182 165
-562.475 66.3347 1091.82 166 138 118
95.7979 162.668 878.623 192 200 180
52.3057 73.521 902.624 246 255 235
38.4255 39.4681 842.418 247 255 237
-588.354 91.7074 1156.57 236 218 199
-564.606 -36.4086 1107.58 230 224 201
-624.812 128.977 1425.12 245 229 205
216.003 497.488 1249.85 176 188 212
-527.32 -40.0482 1174.31 153 147 128
-18.4206 87.3129 955.43 254 242 220
-754.099 -28.7246 1190.28 221 217 207
-430.939 181.418 1243.45 180 150 135
-489.571 -39.743 1085.13 161 153 134
96.7927 246.243 986.991 238 248 238
-689.265 313.984 1435.06 238 238 231
-82.3528 272.081 1112.32 245 247 221
142.604 471.102 1202.32 124 146 161
141.615 84.5835 978.784 165 145 121
-511.381 -59.2392 1181.42 141 129 122
-110.755 -18.2729 930.864 81 82 70
-44.2221 -50.9744 940.522 85 81 74
-139.639 149.197 1006.57 227 224 220
-46.4234 22.5977 871.026 217 201 185
-666.788 -29.2987 1048.86 226 219 196
-518.329 -45.3968 1126.82 124 116 99
-357.975 143.564 1397.08 113 106 95
28.0338 -139.638 1048.95 176 177 162
-148.88 101.378 1000.56 255 250 239
-70.7474 202.792 1026.17 201 182 164
85.5163 319.128 1005.22 254 248 228
-96.0435 -17.7362 902.405 58 61 59
-673.248 0.468447 1092.7 231 216 205
-43.3729 192.86 970.088 149 124 110
-660.16 79.2221 1251.08 220 208 192
-438.922 -89.2881 1324.38 43 45 34
-367.358 161.518 1166.8 206 193 185
-82.6113 334.343 1118.31 147 147 139
-43.6617 159.103 990.993 238 226 218
-684.833 -28.1217 1163.59 255 250 240
-149.317 92.553 1025.66 129 107 95
-657.641 243.433 1330.54 102 107 89
-599.035 102.35 1163.82 245 217 198
-446.59 -77.0669 1102.45 143 125 113
69.1003 162.99 923.258 254 255 231
204.516 505.13 1238.24 76 112 120
24.9935 113.836 950.435 255 254 231
-654.436 218.452 1280.24 160 145 132
-393.283 2.06683 1295.49 55 56 36
-408.607 184.633 1309.61 94 79 75
-454.13 253.329 1192.03 187 143 127
-382.221 126.273 1307.73 144 117 111
-598.609 76.909 1148.51 127 104 85
-428.678 139.761 1241.23 185 146 133
-65.1983 49.5847 912.314 124 118 105
22.8225 -121.175 1024.17 203 176 163
109.689 278.035 1009.32 250 255 247
-22.4514 220.41 1037.48 154 140 129
-556.197 94.0556 1101.17 182 150 111
-107.129 132.07 1037.79 255 242 215
-407.06 198.738 1255.91 135 124 114
127.282 399.843 1135.31 136 160 167
-60.6019 174.864 1025.89 254 245 231
-428.347 176.885 1300.17 120 95 81
-47.2123 38.425 914.753 130 131 117
-452.43 195.965 1124.84 184 147 130
-102.103 64.9084 938.154 227 205 183
-669.631 27.586 1100.32 239 241 237
-124.404 -26.4535 896.566 114 115 101
-460.169 166.905 1116.15 245 237 206
69.8027 2.11788 870.889 119 111 93
-518.659 -37.0898 1127.57 123 115 97
115.438 482.707 1187.08 240 255 255
-124.429 -22.0371 896.809 148 148 127
55.9857 35.9899 811.731 197 196 193
-55.6665 239.737 1032.43 177 181 165
-408.018 146.414 1013.19 138 113 98
-609.359 293.876 1306.66 115 122 105
168.147 159.238 1048.15 151 129 122
109.759 286.765 992.109 247 255 249
-650.366 311.272 1376.21 82 83 77
-142.241 141.329 1030.56 171 160 155
-767.381 19.2916 1260.53 240 235 231
88.227 148.846 855.457 241 241 229
43.1217 51.0695 899.64 154 175 172
-77.083 -39.8081 924.056 139 151 140
-74.5879 38.7878 896.883 251 232 218
95.918 -154.982 1122.48 149 189 185
46.2504 60.2436 871.992 246 249 233
-611.914 107.122 1217.82 232 211 186
85.5932 179.725 927.211 246 255 237
19.5772 48.6868 896.33 161 172 157
-544.266 408.106 1364.86 204 208 200
-21.8604 -91.2346 974.122 215 205 191
142.155 462.925 1189.04 141 170 183
61.0903 41.3457 859.675 121 125 116
-14.072 215.139 1001.14 201 170 152
-475.103 143.455 1115.66 201 163 142
97.0244 235.523 998.422 244 250 240
-478.77 306.791 1306.67 165 139 107
-40.4686 97.6878 920.019 236 225 202
43.3319 82.3793 901.99 237 244 234
-86.1351 -32.921 922.799 113 105 102
96.6263 239.582 1005.01 220 230 219
43.2419 68.9404 900.985 250 255 255
-55.0841 -81.6504 1004.44 117 76 48
-140.152 -37.6269 956.696 57 60 47
46.4991 97.1309 874.57 242 245 233
-671.447 54.2678 1178.35 240 208 199
-385.136 -32.7751 1223.36 90 90 81
97.2327 343.998 1083.37 241 235 212
-89.5079 128.22 979.396 181 167 148
-343.715 190.206 1410.51 66 60 53
-563.92 43.3245 1159.33 231 222 193
-616.336 19.0572 1079.58 250 250 242
-122.084 199.196 1127.35 128 120 127
-12.6781 30.7627 889.859 111 108 90
46.1768 49.4369 871.227 216 237 225
-83.488 85.8202 1051.91 201 187 170
-555.456 -18.6726 1108.4 243 235 198
62.2272 91.1674 971.361 240 252 237
-103.842 135.134 976.93 245 233 225
151.635 150.49 1007.11 130 118 99
-85.584 153.536 1018.86 235 233 227
153.515 472.967 1195.84 116 148 155
48.8419 20.7549 842.569 182 178 166
-412.584 -46.8572 1279.88 54 48 42
-60.5793 164.587 1025 228 215 203
-78.5709 68.634 868.934 164 147 125
-534.102 427.776 1373.88 127 132 127
-18.8798 34.1608 921.392 109 105 97
-96.2332 26.8676 905.106 192 172 156
-82.4284 155.384 982.957 247 231 232
-1.68041 130.63 961.724 169 167 152
-467.815 174.098 1173.61 190 158 139
-436.586 -32.2344 1400.72 69 56 56
-72.7591 143.399 983.996 162 148 137
-124.976 142.129 1009.32 208 199 193
-95.5654 77.4617 979.322 201 189 167
-84.742 133.242 980.765 250 218 208
68.5694 -104.703 975.893 48 107 105
29.4025 -2.04655 805.306 219 229 199
9.11218 -10.6406 862.005 172 176 158
-132.658 181.567 1049.89 246 244 245
101.428 216.6 985.306 237 255 238
-31.4151 159.484 993.368 243 216 205
122.816 161.963 930.445 172 155 146
-661.024 31.8564 1156.62 247 248 244
-498.415 63.1034 1039.24 255 251 229
11.5734 -72.2882 916.01 139 117 109
-723.445 45.6602 1218.73 245 235 232
62.0037 148.924 920.899 228 244 231
-426.272 124.77 990.103 255 246 230
-87.0652 116.078 978.956 220 215 186
-682.823 27.8726 1167.58 245 228 214
48.3093 -98.3402 1009.76 61 85 80
-79.9266 128.479 981.377 236 212 193
-656.619 436.221 1575.51 179 180 174
-169.458 82.6168 1043.73 246 240 240
-388.341 118.073 1381.18 136 117 104
180.704 456.441 1150.46 116 153 172
38.2109 125.717 988.315 165 163 139
54.638 82.5272 903.631 238 251 230
-24.5512 -76.8559 930.733 236 203 194
0.739986 140.302 962.9 195 192 174
-530.929 230.398 1210.62 184 184 183
-491.589 154.983 1160.59 255 250 233
-65.2296 44.3272 943.795 221 214 202
105.053 194.811 967.801 248 255 237
92.8638 198.66 930.043 244 251 220
