-193.583 -407.872 1317.22 37 42 37
-183.245 -347.759 1506.21 192 182 158
-318.286 -161.6 869.22 87 90 75
248.338 -129.568 1094.22 226 202 194
303.595 -71.7755 984.667 137 132 128
187.496 -69.4247 1017.97 136 144 133
187.496 -69.4247 1017.97 136 144 133
301.702 -33.7132 1013 58 47 43
142.864 -27.6295 998.11 148 134 117
-386.951 -19.2845 1191.09 116 100 80
335.765 -13.2968 1026.83 101 95 90
306.231 0.413493 1025.89 139 121 118
306.231 0.413493 1025.89 139 121 118
-368.252 13.9169 1059.79 154 140 121
255.322 24.237 1049.62 241 217 193
-394.345 39.4299 993.491 193 165 139
380.503 71.5208 1052.5 46 48 36
143.07 77.8626 1061.17 255 247 237
-431.068 93.8445 967.701 192 167 146
-355.088 107.841 850.787 47 4 2
-413.716 123.207 998.039 47 4 2
-568.182 184.262 965.796 250 252 253
273.966 281.579 1149.13 177 159 139
415.674 385.44 1273.26 90 121 128
-511.825 358.525 1037.82 208 170 152
-331.875 370.843 1071.18 252 230 215
-567.005 381.785 1083.74 143 107 98
-541.435 370.634 1050.85 249 237 207
-349.949 460.267 1088.82 5 13 12
-255.513 489.588 1052.68 116 154 139
-204.426 -408.677 1326.94 60 65 62
-36.309 -649.86 2745.28 113 98 77
-147.76 -676.634 2908.52 191 172 150
279.185 -31.5679 1053.62 175 163 149
404.306 -25.4907 1061.43 87 107 94
-363.55 -23.7923 1082.17 82 61 42
274.653 -20.9206 1034.66 78 66 62
274.653 -20.9206 1034.66 78 66 62
364.258 -16.8542 1047.3 144 134 133
-362.763 30.855 956.8 125 100 66
-350.31 44.6007 1185.1 40 41 38
150.078 51.0265 977.401 252 249 249
272.527 81.7609 1078.67 162 100 75
144.016 91.3879 1049.43 245 235 220
301.211 98.5664 1078.47 254 249 234
291.904 150.246 1063.97 123 97 85
-509.515 135.319 920.208 236 175 150
243.033 158.567 1066.99 48 28 18
304.995 223.295 1120.81 248 244 223
217.361 248.633 1168.02 56 49 29
308.583 251.778 1115.07 255 255 233
-422.767 247.89 1018.32 253 253 253
286.34 281.811 1156.87 124 104 86
439.61 339.424 1267.8 152 177 174
-369.555 288.446 1076.8 255 236 220
408.393 356.798 1261.86 228 246 243
-474.192 302.64 1047.69 255 248 244
-426.443 336.652 1057.3 255 254 249
410.083 409.558 1257.09 236 254 253
-544.304 387.649 1034.44 255 254 248
409.057 531.019 1335.29 171 198 200
7.6682 -688.442 2502.35 103 109 105
-194.257 -589.706 2251.41 144 151 145
167.505 -116.058 1134.29 230 231 223
167.505 -116.058 1134.29 230 231 223
243.774 -101.429 1049.3 205 186 173
1347.46 -137.989 1904.13 85 77 66
377.431 -44.2724 1017.36 110 138 115
391.6 -35.8318 1028.8 251 254 245
-380.272 -23.0166 1203.31 68 55 37
399.679 -14.6248 1047.34 251 251 240
268.571 -8.47735 1026.66 194 188 173
405.175 6.84142 1063.84 196 200 182
137.685 31.4733 1026.9 95 69 66
400.625 34.4244 1064.42 131 152 131
128.621 41.6602 1062.76 84 66 51
418.933 55.6426 1056.16 184 198 166
291.698 56.8784 1044.04 131 108 93
243.575 67.8442 1048.18 118 103 72
176.388 94.0012 1102.61 106 46 35
431.833 98.552 1111.83 239 253 243
431.833 98.552 1111.83 239 253 243
226.069 124.587 1069.62 220 202 202
226.069 124.587 1069.62 220 202 202
-354.186 116.529 980.684 146 96 61
-610.374 126.287 963.95 232 244 243
265.91 141.135 1092.53 254 243 235
-583.278 119.482 896.951 51 57 48
257.2 170.659 1090.9 255 254 233
-496.919 156.966 884.629 254 238 221
223.045 247.571 1125.83 203 208 167
438.819 296.271 1193.61 138 138 112
-298.277 331.546 1102.61 103 84 73
-504.377 319.357 1004.24 253 249 253
465.5 447.482 1324.62 155 178 177
-282.155 396.571 1125.05 141 99 72
-279.28 434.222 1115.61 254 255 249
557.294 -60.3195 849.294 67 65 56
167.244 -6.46091 1013.18 123 108 94
-355.212 26.7321 1031.64 60 51 37
180.649 59.8501 1067.1 61 56 45
-487.608 66.8055 991.576 193 140 112
299.136 86.8796 1088.09 197 117 96
-617.656 90.1355 929.747 204 192 170
-617.656 90.1355 929.747 204 192 170
217.517 107.085 1062.33 137 60 38
-507.392 115.777 961.554 200 123 104
262.3 223.661 1125.78 255 250 242
-208.643 -191.049 639.086 151 161 154
241.12 -133.415 1123.48 207 189 173
240.958 -84.9832 1016.72 55 49 47
240.958 -84.9832 1016.72 55 49 47
400.593 -50.4068 1028.22 118 137 110
366.267 52.515 1061.76 254 254 226
433.138 87.3748 1083.41 121 155 121
-334.001 107.801 1189.37 116 104 91
-347.257 103.302 1163.87 186 167 156
176.635 136.29 1039.52 81 57 66
-481.35 137.909 980.336 253 254 252
268.435 156.137 1076.03 100 74 76
-451.824 226.297 980.292 234 221 211
-470.512 265.347 1012.59 253 249 237
-456.396 314.109 1038.76 253 251 253
-489.53 344.207 1015.19 127 94 92
366.426 -110.91 955.229 62 115 142
119.459 -31.3325 1005.9 68 54 47
132.499 35.6931 1065.44 110 93 92
-459.045 180.271 990.817 126 77 66
-447.656 210.083 994.296 122 79 51
-524.858 394.401 1058.07 253 255 254
272.496 -53.691 1028.49 87 68 65
231.875 54.0895 1064.19 103 76 61
-443.131 254.2 1025.56 134 115 103
405.335 332.575 1212.71 178 210 204
-58.8153 -227.28 774.792 117 96 73
126.973 19.9191 1025.95 116 95 91
126.973 19.9191 1025.95 116 95 91
-376.672 32.0359 1054.14 98 89 74
422.189 50.3118 1080.44 244 250 242
172.345 95.8611 1031.14 180 131 108
172.345 95.8611 1031.14 180 131 108
175.918 210.027 1164.69 76 60 47
-587.603 190.753 972.311 250 252 253
-587.603 190.753 972.311 250 252 253
380.175 299.744 1201.27 127 115 98
-317.507 274.767 1038.55 248 252 243
318.397 361.413 1239.21 167 192 187
-461.968 414.008 1087.18 171 193 155
-298.492 -338.89 1048.52 102 101 95
-298.492 -338.89 1048.52 102 101 95
-231.546 -281.513 1240.3 99 70 50
291.483 143.101 1082.62 136 110 104
-445.734 4.39351 1023.61 65 102 106
317.628 -2.84098 936.839 88 81 76
-296.594 320.095 1184.65 81 65 55
366.394 403.907 1299.82 205 233 231
293.562 -175.405 1232.44 125 149 153
-350.944 195.301 1227.04 85 66 51
359.643 174.37 1098.04 251 254 255
