353.033 -255.313 1241.9 165 158 153
423.698 -170.409 998.266 141 140 136
359.373 -146.126 978.733 114 103 97
606.542 -151.167 1027.4 103 109 81
-875.187 -131.165 1573.78 59 55 45
620.795 -36.7161 1075.3 194 210 184
-231.285 -32.3723 940.049 225 204 182
-277.125 -26.7367 954.088 54 30 20
541.918 24.0899 1165.42 234 211 189
-259.282 37.072 969.301 255 239 226
443.658 57.3223 1137 150 152 131
576.005 124.625 1211.85 215 209 187
632.656 240.134 1283.99 232 252 251
598.207 278.708 1474.36 32 63 98
-110.165 233.797 1147.43 60 42 32
-269.671 297.337 1102.81 254 247 233
-290.035 326.905 1070.1 39 18 9
-298.269 326.14 1061.26 244 237 229
-302.703 611.155 1533.69 40 39 36
-437.227 -504.481 1541.96 72 80 74
-291.792 -442.187 1780.35 167 161 136
312.209 -236.811 1269.3 34 32 21
407.986 -141.725 1050.42 116 109 100
-217.045 -125.133 1051.63 22 43 38
488.492 -101.92 1074.32 75 67 63
374.786 -98.1468 1050.68 83 66 65
579.406 -99.9778 1082.03 130 129 103
450.779 -88.6174 1102.02 141 130 118
642.087 -83.9476 1079.02 210 220 193
613.421 -74.2134 1102.96 40 50 26
440.15 -65.5649 1053.41 184 177 150
698.782 -58.451 1207.53 226 246 230
429.164 -37.5446 1096.15 93 49 39
-256.398 -29.9475 934.308 54 35 30
608.589 -36.7901 1151.82 252 255 237
-255.75 -29.8227 931.111 54 35 30
-222.133 -10.7824 977.451 221 160 135
-172.992 12.5386 1054.11 66 11 1
551.086 30.1858 1169.47 89 66 51
-248.758 25.9967 967.174 252 223 205
494.084 44.9775 1142.4 224 208 180
-185.822 40.3598 982.876 177 117 92
-162.745 43.6451 1057.03 49 11 3
-162.745 43.6451 1057.03 49 11 3
-323.391 47.2954 967.346 113 89 76
-156.161 58.2353 1046.05 61 11 0
-150.336 71.8604 1038.4 44 20 7
-150.336 71.8604 1038.4 44 20 7
550.154 85.7325 1193.54 159 156 120
-144.275 86.8916 1034.72 58 14 6
-307.181 88.2932 1013.34 239 207 187
-307.181 88.2932 1013.34 239 207 187
-133.8 114.21 1025.29 32 16 3
-133.8 114.21 1025.29 32 16 3
-72.7861 130.065 1051.73 245 226 206
-104.382 135.042 1040.97 236 195 160
603.301 195.054 1262.95 230 254 250
-110.498 167.389 988.422 61 27 12
-110.498 167.389 988.422 61 27 12
-98.8009 188.053 954.51 57 33 31
-104.351 249.349 1144.32 30 22 5
-177.849 239.869 1084.5 252 228 225
-337.616 241.634 1068.33 254 254 253
558.77 324.649 1422.57 186 218 226
-145.904 247.138 1051.24 246 249 248
-309.289 289.25 1063.7 246 254 249
-309.95 309.563 1075.44 249 254 247
-258.289 311.44 1081.45 255 250 240
-282.586 433.789 1219.73 33 34 32
-259.888 503.356 1274.7 39 37 33
420.596 -258.374 1128.18 186 159 151
380.453 -187.465 1014.24 112 103 80
365.939 -132.287 1038.26 122 126 110
388.838 -105.351 1047.44 255 249 247
-230.199 -100.736 1111.39 108 101 101
485.844 -62.5952 1081.89 158 164 129
636.18 -50.8612 1165.41 253 253 248
-233.641 -33.9317 956.164 211 189 168
-223.541 -27.3723 964.743 157 97 69
579.474 -17.9141 1159.33 255 255 247
-112.269 19.8904 1032.66 141 81 50
-112.269 19.8904 1032.66 141 81 50
476.304 23.8243 1113.86 104 69 62
555.362 33.3921 1152.23 254 250 242
-329.911 36.0784 979.901 155 95 108
-138.262 46.5624 1018.43 203 85 49
-138.262 46.5624 1018.43 203 85 49
430.8 85.1999 1155.18 80 74 64
450.089 113.324 1175.28 141 141 127
450.089 113.324 1175.28 141 141 127
-138.429 100.702 1027.15 50 14 7
-138.429 100.702 1027.15 50 14 7
-369.403 130.096 1032.77 250 254 255
-108.363 146.763 1055.81 175 109 81
478.932 171.203 1207.77 118 112 104
-343.026 175.029 1012.56 255 253 242
512.442 228.908 1299.7 15 58 74
512.442 228.908 1299.7 15 58 74
-229.463 259.936 1059.47 152 99 93
-429.981 -427.451 1612.48 68 30 20
-529.505 -262.134 1297.63 68 74 63
604.651 -198.119 1008.2 212 221 199
383.596 -79.5409 1080.97 201 187 192
514.411 -55.0838 1077.1 188 134 119
-242.32 -47.7464 978.22 20 13 16
469.115 -49.9849 1065.53 122 93 74
457.543 -29.7611 1103.99 147 77 58
434.557 -18.2967 1079.71 246 242 243
436.532 -18.3433 1132.71 105 90 73
507.333 15.056 1123.83 92 65 64
507.333 15.056 1123.83 92 65 64
-264.187 27.0249 972.469 197 98 72
-373.354 45.3277 953.163 87 52 41
434.473 63.1936 1124.37 143 149 117
649.763 211.093 1317.87 129 156 159
-65.1286 172.134 1059.49 249 253 235
680.549 276.503 1386.98 137 168 166
-125.932 326.788 1002.03 255 254 249
-291.393 383.355 1123.92 66 53 38
-22.7795 450.326 1284.36 156 154 142
569.866 -237.252 974.351 59 94 101
595.325 -91.7319 1094.9 218 220 191
521.26 -57.4662 1054.01 255 251 243
671.034 -1.65938 1138.71 99 106 89
671.034 -1.65938 1138.71 99 106 89
-367.805 8.74701 907.324 187 165 133
413.194 25.0318 1124.46 237 241 243
413.194 25.0318 1124.46 237 241 243
413.194 25.0318 1124.46 237 241 243
541.637 46.6794 1176.87 251 243 221
-230.945 45.013 972.735 246 227 218
-216.234 166.832 999.406 255 250 241
-146.69 178.232 1057.99 185 140 101
-316.584 215.973 1031.79 149 67 52
-209.128 221.013 1056.21 248 244 236
569.294 307.916 1366.53 162 194 190
-255.565 367.827 1111.95 80 74 77
-400.6 -138.669 621.6 75 89 81
601.48 -76.0803 1142.97 149 149 116
-372.374 8.82838 921.06 187 165 133
-308.574 34.6603 973.903 252 228 225
-308.574 34.6603 973.903 252 228 225
-216.772 87.6354 1014.8 112 63 59
-260.533 116.027 1024.33 218 191 167
-271.224 194.432 1052.79 236 218 197
-266.17 214.969 1036.45 155 119 108
-174.645 -379.567 1417.8 159 134 109
-171.315 -82.5468 1011.85 42 76 102
-160.477 159.011 1047.32 252 252 238
627.816 -97.1334 1077.45 242 249 242
-287.188 77.5748 991.489 191 108 85
-350.644 109.045 994.365 248 251 251
560.496 207.525 1289.45 145 183 179
-205.686 311.562 1084.01 150 175 127
-271.736 -307.888 1191.29 79 60 37
-221.349 -9.72748 954.475 221 157 133
533.078 -0.47907 1134.57 125 100 92
674.799 97.8133 1184.68 123 144 119
593.91 -207.395 1007.81 124 155 120
-1667.96 -387.504 2399.72 20 19 16
591.887 26.3425 1137.63 251 255 245
591.887 26.3425 1137.63 251 255 245
574.748 224.237 1267.86 191 223 221
-218.123 -92.6141 1059.31 120 110 108
29.0756 583.197 1566.15 185 186 173
345.719 -150.504 1107.06 56 47 41
-275.971 -245.261 963.334 82 68 55
514.734 138.81 1481.17 62 53 53
-208.802 109.928 923.256 254 249 224
