112.691 -114.138 1065.15 198 185 178
125.895 -62.5693 945.653 162 154 135
277.861 -27.0628 895.75 149 130 118
-478.782 20.9982 995.982 80 70 55
-321.937 38.4641 1153 170 144 123
130.621 49.128 988.032 160 134 143
-413.896 62.7519 1035.14 255 209 182
372.14 62.3475 945.466 249 255 237
372.14 62.3475 945.466 249 255 237
297.236 85.3588 982.091 255 249 224
327.18 112.612 991.628 206 212 190
327.18 112.612 991.628 206 212 190
120.724 119.66 1018.62 243 226 217
226.178 123.352 1012.7 243 220 212
273.887 127.922 1003.14 255 243 225
325.518 150.9 855.016 238 246 240
-363.116 202.316 1099.73 162 126 116
-290.185 226.198 1223.2 175 139 126
-314.117 219.717 1159.4 137 127 121
-293.935 240.55 1253.71 93 61 44
321.097 226.035 1039.36 236 239 203
-309.823 272.49 1126.21 253 243 214
307.288 284.891 1060.4 174 165 145
-460.376 316.286 1108.99 247 245 223
289.922 382.969 1218.36 193 226 238
376.964 367.577 1165.15 202 218 221
374.738 366.476 1139.81 45 66 70
353.959 414.126 1128.9 112 143 141
335.133 416.928 1135.99 206 243 243
321.165 463.988 1196.91 159 186 184
145.72 -157.927 1130.99 66 66 59
145.72 -157.927 1130.99 66 66 59
329.977 -120.78 920.698 43 69 78
128.988 -109.556 1044.63 124 114 114
-459.912 -89.1941 1253.97 45 59 53
-343.882 -41.0553 1132.21 115 97 76
-354.048 -22.9699 1091.45 153 132 115
-354.048 -22.9699 1091.45 153 132 115
-355.795 1.37013 991.532 135 114 83
271.348 13.5224 927.507 79 61 54
257.076 37.6189 922.173 105 86 69
-304.844 56.4116 1251.64 134 107 95
218.786 43.3448 971.901 90 64 57
-340.883 51.8547 1098.22 62 53 49
323.465 43.7336 946.054 141 126 117
-585.339 69.0185 1022.04 249 247 241
-359.432 71.8795 1035.54 255 248 235
-379.65 73.4129 1001.14 255 249 238
-551.786 91.0001 1035.04 251 251 248
296.484 106.431 1116.64 198 136 103
-387.421 113.395 1072.97 239 220 193
-336.655 126.537 1032.25 255 247 235
-282.031 197.178 1287.72 45 20 10
235.203 163.582 1021.35 75 44 37
233.368 158.644 1009.08 75 44 37
389.546 183.903 1026.13 104 117 106
-588.875 206.874 1139.18 166 145 114
-316.061 222.607 1199.93 54 41 34
145.169 211.567 1049.02 66 56 48
401.509 211.333 1007.93 246 246 245
395.064 224.417 1030.3 105 118 105
-440.34 273.688 1207.04 195 193 187
-519.963 268.487 1130.57 250 255 248
-519.963 268.487 1130.57 250 255 248
372.723 258.168 1061.1 173 174 156
296.851 270.198 1076.87 200 178 154
-505.622 278.48 1110.07 241 241 232
438.654 331.14 1181.2 178 192 177
463.017 347.121 1220.45 116 134 124
311.363 363.41 1234.31 159 189 182
271.369 363.845 1202.68 70 99 115
430.323 380.278 1188.95 135 171 168
448.436 401.561 1194.39 109 130 139
329.556 436.158 1212.94 85 138 142
384.349 470.767 1200.92 233 255 253
194.071 -150.711 1078.75 190 154 137
94.1861 -83.8951 981.948 57 54 39
-360.543 -4.18107 1074.58 142 133 114
-471.525 23.7205 1016.01 182 141 109
374.314 23.91 923.637 209 222 188
-343.759 44.3904 1075.91 149 145 132
-343.759 44.3904 1075.91 149 145 132
348.758 50.4998 943.058 124 142 119
-509.225 68.5667 1040.41 204 130 101
-481.215 72.7721 1028.32 125 98 87
-481.215 72.7721 1028.32 125 98 87
213.142 78.2451 958.024 167 173 130
388.174 78.4525 954.919 211 218 202
-390.755 93.5027 1060.61 255 252 221
368.138 105.889 956.216 245 255 244
-369.688 145.524 1069.04 254 253 241
-369.688 145.524 1069.04 254 253 241
395.298 170.302 1038.21 95 116 107
192.761 236.919 1066.01 205 209 177
192.761 236.919 1066.01 205 209 177
-251.863 318.441 1310.72 178 175 157
198.108 302.016 1098.37 130 124 108
-277.525 366.175 1128.61 255 254 245
424.314 412.354 1185.63 181 217 212
446.414 431.69 1214.19 64 86 91
446.414 431.69 1214.19 64 86 91
405.459 485.122 1223.85 140 160 151
402.013 511.796 1201.67 249 253 247
295.777 -141.667 1007.75 31 72 71
295.777 -141.667 1007.75 31 72 71
118.77 -143.819 1106.06 81 74 57
118.77 -143.819 1106.06 81 74 57
270.167 -125.662 957.478 208 196 193
247.119 -96.0852 950.528 185 211 209
116.587 -54.5589 907.781 156 146 109
280.23 -15.6584 899.077 85 71 67
-319.72 28.9794 1211.51 190 156 139
116.268 26.4329 951.485 252 253 251
100.774 32.5907 961.081 107 81 82
-609.872 38.3357 1023.06 229 217 199
205.691 88.6463 974.479 118 86 57
254.824 91.5105 985.072 204 129 90
254.824 91.5105 985.072 204 129 90
182.496 105.778 992.871 160 77 64
249.463 104.374 972.981 241 227 220
341.992 110.383 993.991 252 252 246
169.664 114.62 994.394 254 253 251
-363.184 131.353 1066.18 192 131 96
140.933 154.703 1028.84 254 255 255
-438.664 182.006 1098.47 255 248 233
-342.678 193.725 1089.53 238 172 128
-299.92 277.776 1140.51 97 55 48
-289.604 398.413 1246.86 85 79 70
412.819 480.446 1200.89 194 222 224
222.841 -121.648 991.254 205 184 170
222.841 -121.648 991.254 205 184 170
345.758 -28.4661 892.197 108 132 93
129.815 -2.70315 935.522 118 108 90
154.476 0.00891452 913.259 131 134 108
-533.031 104.461 1049.36 195 132 112
-451.259 128.16 1037.37 133 96 75
238.221 158.111 1022.45 78 54 45
-307.597 243.809 1124.27 143 88 78
-572.058 265.872 1157.78 253 247 252
351.849 272.616 1022.21 89 74 50
351.849 272.616 1022.21 89 74 50
-543.693 341.46 1204.83 251 252 249
281.521 -90.8476 887.328 157 198 194
-350.449 -95.3777 1153.96 163 139 118
206.316 -71.9953 926.772 45 40 38
307.629 82.1322 964.739 162 151 109
-372.116 150.564 1064.86 253 254 248
-372.116 150.564 1064.86 253 254 248
188.649 172.103 1051.64 150 125 117
392.498 183.167 961.43 108 102 93
341.004 -93.7618 887.018 53 105 128
-334.865 0.642293 1121.64 146 137 121
-316.565 49.4779 1182.81 159 134 114
-285.745 50.3893 1182.06 95 66 54
189.684 58.008 964.084 105 73 60
-477.968 88.8025 989.6 255 252 250
225.843 108.231 988.547 217 186 169
-591.118 135.433 1083.26 255 252 255
367.288 252.782 1050.02 201 201 190
367.288 252.782 1050.02 201 201 190
364.967 312.813 1081.03 169 201 195
-387.891 63.1329 1060.53 224 194 154
-351.108 161.454 1070.33 246 200 152
-328.409 231.029 1099.31 250 244 236
-385.405 12.5279 989.941 253 225 199
360.287 64.2663 929.038 237 237 236
-245.088 184.638 1370.57 172 168 150
255.187 144.141 1003.72 116 90 83
-227.451 172.688 1293.66 172 166 146
234.136 196.748 1025.62 170 154 104
234.136 196.748 1025.62 170 154 104
409.891 197.223 1022.91 174 182 177
213.747 303.39 1158.08 101 75 70
319.629 365.618 1135.77 198 224 225
323.353 172.763 1009.87 255 254 252
323.353 172.763 1009.87 255 254 252
-308.329 131.053 1157.67 70 54 45
-361.121 276.814 1086.78 254 255 252
