-439.429 67.7955 1503.16 134 112 99
-466.549 66.1521 1196.54 116 102 93
-565.159 76.2517 1408.48 227 196 187
-559.215 95.7719 1439.33 2 4 0
-548.056 112.89 1430.61 13 4 1
-173.121 114.208 1004.94 234 241 242
-166.862 108.838 939.47 237 255 250
-234.382 122.453 938.89 132 135 130
-196.416 131.738 851.472 69 56 48
-586.457 90.4051 1538.38 116 122 105
-568.371 111.795 1564.47 14 11 3
-546.208 133.177 1447.88 24 4 1
-485.735 147.169 1504.81 52 42 36
-186.372 103.705 972.517 189 217 212
-127.211 110.296 934.835 40 54 64
-127.211 110.296 934.835 40 54 64
-60.9004 106.974 887.805 141 182 184
-524.569 187.312 1544.17 30 22 17
-259.741 125.941 1030.05 45 34 42
-89.9385 200.267 861.403 75 72 70
-84.2729 221.828 895.4 35 35 39
-434.981 81.2804 1517.1 208 181 166
-498.919 76.6407 1406.51 61 41 43
-516.779 92.9466 1499.4 87 91 92
-77.0283 106.37 900.894 59 66 64
-198.977 122.137 949.159 19 36 32
-246.799 141.007 1004.61 60 52 43
-76.5853 203.496 886.955 48 70 81
-133.638 100.657 985.484 149 184 181
-366.061 79.0584 1585.14 34 30 28
-397.534 98.2363 1522.09 30 17 17
-162.574 90.9021 1019.89 130 131 109
-138.42 99.8998 924.844 138 186 176
-444.37 85.4213 1543.72 199 178 165
-174.663 129.2 928.458 231 248 241
-230.441 118.976 979.063 55 45 40
-230.441 118.976 979.063 55 45 40
-373.167 95.4663 1154.19 66 50 50
