-32.8123 -18.3343 73.032 172 166 152
361.568 -214.838 1162.28 174 133 133
361.568 -214.838 1162.28 174 133 133
352.081 -214.93 1175.78 222 184 182
1226.46 -256.164 1688.92 48 55 50
268.432 -168.007 1141 167 170 160
474.425 -126.514 1056.43 215 208 200
569.702 -112.734 1121.81 152 153 142
559.444 -78.1666 1103.36 217 216 208
343.032 -52.4826 1023.31 100 79 72
521.477 -54.4013 1085.55 181 169 150
-356.212 -58.3723 1199.05 123 120 108
627.134 -32.9631 1111.65 235 249 230
312.528 -16.6734 1120.68 164 145 136
336.493 12.4964 1104.05 141 109 106
-211.197 60.3215 1011.21 253 234 201
-247.291 121.785 1066.38 244 213 183
-232.128 139.177 1073.98 83 35 18
-232.128 139.177 1073.98 83 35 18
378.741 161.007 1178.6 171 158 137
-217.107 147.996 1061.38 255 225 202
-223.723 149.734 1058.76 58 14 8
-229.531 155.095 1057.2 247 215 183
587.57 179.816 1209.79 255 255 235
-259.124 188.508 1270.93 72 19 11
-259.124 188.508 1270.93 72 19 11
519.663 184.687 1172.03 204 186 170
614.169 254.423 1316.5 155 169 164
-263.016 231.4 1116.82 123 117 108
-229.158 257.966 1068.55 192 195 185
-150.977 335.764 1403.52 255 250 234
636.587 327.647 1330.6 232 255 254
-187.492 341.382 1243.41 79 29 21
-170.252 342.654 1212.89 248 216 195
593.528 369.079 1290.83 213 237 242
-178.836 348.949 1221.56 79 37 26
497.765 429.137 1375.94 131 148 145
-259.839 357.617 1134 158 162 139
-349.239 363.521 1150.9 235 216 199
600.748 488.647 1492.65 96 131 131
-168.127 454.824 1242.37 21 38 34
-148.841 580.927 1325.66 37 50 46
-157.358 569.078 1279.81 12 20 16
-317.935 -95.3651 434.62 17 21 16
541.93 -192.036 1011.61 231 239 226
588.088 -144.514 1048.58 201 214 204
289.76 -137.208 1057.07 49 41 35
446.545 -102.198 1012.1 96 93 86
575.44 -105.935 1117.74 49 59 50
-366.241 -66.1908 1196.73 89 70 60
413.227 -48.5988 1063.7 250 248 236
413.227 -48.5988 1063.7 250 248 236
596.087 -19.7254 1098.64 241 255 250
595.599 11.0014 1096.69 124 145 133
407.02 14.0659 1128.59 255 252 230
335.111 38.7966 1117.9 112 85 74
-174.523 88.5544 1244.84 97 79 77
441.563 80.6776 1140.41 96 74 64
441.563 80.6776 1140.41 96 74 64
387.953 80.8456 1115.56 255 246 246
-190.632 84.1949 1085.32 244 232 214
458.079 107.289 1176.17 233 220 186
-197.628 102.774 1042.56 150 81 49
367.811 114.741 1120.44 83 68 68
-164.71 114.74 1050.38 114 90 69
679.496 135.905 1218.25 252 251 247
679.496 135.905 1218.25 252 251 247
612.496 161.892 1209.74 255 255 241
-152.06 194.827 1108.56 251 243 221
591.609 251.685 1238.34 222 245 244
-132.215 265.532 1145.69 255 247 223
663.272 338.068 1362.91 146 177 177
-187.553 326.76 1180.25 252 254 245
609.794 398.874 1342.61 16 40 55
-388.181 350.348 1133.63 163 137 139
-399.534 367.142 1150.55 250 248 252
-341.07 386.231 1154.17 254 254 243
-341.07 386.231 1154.17 254 254 243
-361.694 387.414 1107.07 89 74 62
-330.311 613.532 1372.55 210 210 201
-34.4847 37.5332 -112.069 179 179 174
-34.4847 37.5332 -112.069 179 179 174
498.915 -121.327 1033.07 68 64 69
581.51 -108.855 1075.22 246 253 249
438.555 -82.4079 1057.01 73 64 57
574.303 -48.8657 1056.12 248 255 242
-346.521 -55.1109 1156.44 145 141 121
309.489 -43.8641 1052.07 122 102 99
469.325 -27.5761 1073.49 146 126 111
476.113 13.9325 1102.07 248 243 236
376.13 19.8398 1102.78 120 65 49
-401.55 31.986 1013.1 126 105 84
627.965 41.9923 1197.74 133 142 138
-386.336 41.1259 969.83 208 195 172
-327.998 29.5842 744.956 133 106 85
-183.416 54.958 1222.7 200 178 165
-413.241 51.1459 944.611 207 202 183
-413.241 51.1459 944.611 207 202 183
624.497 65.913 1134.55 220 239 219
624.497 65.913 1134.55 220 239 219
451.085 88.1561 1139.98 251 238 228
-270.298 96.117 1018.74 219 168 151
-470.589 101.681 1051.25 246 253 247
-456.113 97.8179 982.862 79 58 48
-405.758 114.076 1016.24 252 254 251
623.169 150.967 1197.02 250 253 242
379.511 147.605 1163.91 89 82 67
561.092 162.723 1212.68 255 255 239
-147.321 178.875 1085.63 147 134 116
-178.031 228.331 1244.71 212 147 101
443.713 245.012 1237.16 133 126 127
-347.755 289.361 1099.92 115 63 70
528.285 397.325 1442.02 84 112 130
-75.0269 371.727 1333.96 153 146 137
-212.373 360.185 1210.2 252 254 246
-167.974 446.448 1253.02 255 252 245
-88.3989 546.154 1346.96 134 159 148
538.73 -239.337 1102.82 39 83 95
411.447 -284.268 1396.95 83 90 80
404.308 -228.46 1226.15 217 186 177
268.731 -179.78 1126.61 176 164 163
554.926 -137.486 1044.68 113 143 117
323.608 -51.6691 1046.08 255 254 254
588.167 -49.6911 1079.32 247 254 242
588.167 -49.6911 1079.32 247 254 242
541.935 -39.1538 1077.25 253 254 243
480.326 -0.788348 1109.36 206 142 109
480.326 -0.788348 1109.36 206 142 109
427.637 4.61847 1091.68 134 102 82
475.982 14.086 1102.01 230 223 218
399.326 26.6086 1098.31 167 93 83
-331.759 29.1612 1065.2 183 133 100
-275.819 34.145 1000.95 88 40 22
-357.22 83.5278 1028.3 209 128 94
464.085 120.107 1149.79 176 166 122
498.733 282.273 1311.92 182 210 202
-386.599 307.672 1156.7 246 247 249
6.52593 -148.463 424.113 109 112 111
541.078 -204.775 1006 63 105 128
392.577 -210.553 1106.35 198 177 168
417.459 -171.249 1050.53 40 38 41
563.292 -158.287 1010.54 216 217 196
563.292 -158.287 1010.54 216 217 196
574.291 -144.611 1046.89 125 155 123
298.365 -143.268 1070.39 58 54 43
331.954 1.71194 1109.41 236 234 232
368.825 63.0341 1114.34 141 125 136
-457.831 61.1809 959.575 207 195 169
475.721 76.1581 1163.07 96 78 78
359.689 86.0543 1136.69 254 252 253
-259.03 82.7853 1015.25 251 238 223
517.849 113.271 1152.92 185 185 174
-160.406 193.321 1068.14 234 155 114
-308.174 237.354 1092.8 253 252 248
-406.246 282.686 1102.04 142 89 64
-406.246 282.686 1102.04 142 89 64
-347.034 340.553 1152.7 128 92 83
-395.553 337.892 1120.89 253 255 255
-364.556 381.672 1155.69 251 252 254
-321.517 427.749 1142.92 67 58 52
71.9985 43.6984 -207.548 94 103 96
512.214 -18.94 1062.97 160 158 131
512.214 -18.94 1062.97 160 158 131
503.394 -4.3806 1110.45 251 254 255
-389.219 88.2219 991.266 250 254 250
-389.219 88.2219 991.266 250 254 250
-294.008 143.296 1027.72 133 83 69
-294.008 143.296 1027.72 133 83 69
-351.135 177.681 1076.36 235 213 195
644.709 213.265 1292.58 127 126 113
-292.968 180.344 1075.14 136 92 74
-292.968 180.344 1075.14 136 92 74
-345.703 249.539 1069.46 252 247 232
-363.265 423.861 1159.51 255 254 247
-77.6661 -305.363 1228.75 168 145 120
-227.112 -66.5243 1221.93 115 90 77
309.181 -43.2503 1106.51 75 58 58
415.861 -28.2878 1098.3 108 93 85
613.734 -45.9121 1118.41 243 250 244
368.997 20.2126 1120.34 203 156 144
-435.743 165.298 1035.45 254 254 254
-435.743 165.298 1035.45 254 254 254
564.901 198.571 1193.64 118 114 99
564.901 198.571 1193.64 118 114 99
-147.374 235.832 1104.94 254 244 219
-286.284 386.496 1155.91 167 189 152
-231.668 4.72959 1015.63 255 246 212
486.673 58.5655 1136.34 127 110 103
-118.451 281.975 1277.97 125 96 86
554.849 -166.295 1022.2 129 173 129
626.715 88.2935 1132.47 95 113 103
374.214 142.976 1249.56 84 73 66
578.554 310.179 1333.23 210 236 235
577.628 88.2653 1184.66 252 255 250
-155.144 -160.937 680.056 108 73 56
-226.083 352.456 1242.15 210 204 203
467.353 234.302 1428.22 86 75 71
467.353 234.302 1428.22 86 75 71
