-297.073 -113.872 697.792 76 70 53
632.254 -247.51 1693.65 129 126 121
554.928 -153.126 1584.71 223 213 195
603.402 -164.152 1755.04 113 95 78
121.669 -38.0807 1227.97 255 250 231
18.4859 2.89082 -94.7677 48 41 25
591.193 -42.9775 1597.62 253 254 235
543.632 -44.8379 1670.97 140 123 97
-468.78 -12.7677 628.752 52 60 53
540.135 39.6773 1832.28 32 11 10
581.753 43.605 1707.73 255 247 235
133.253 107.858 1273 255 242 213
-8.49085 101.332 1167.09 255 247 242
594.947 241.349 1914.34 26 17 6
-96.8051 145.682 1115.78 179 133 108
12.1635 237.922 1183.85 254 244 236
-47.4622 374.458 1218.01 147 106 87
137.592 556.775 1334.9 240 241 232
95.4327 618.871 1370.8 201 237 222
94.179 711.721 1433.7 131 183 170
-178.59 -64.8157 368.297 136 128 122
270.111 63.0739 -466.941 127 133 124
-427.288 -77.271 650.58 66 66 57
511.853 -176.397 1596 54 42 38
-283.736 -46.8906 425.877 136 143 137
-436.256 -69.3556 674.971 53 56 48
670.701 -180.73 1810.2 105 99 94
-506.297 -62.8689 707.368 65 70 60
-572.178 -55.0292 775.693 118 135 126
-495.572 -34.468 666.981 34 51 43
-504.968 -26.7633 647.858 113 144 132
477.222 -54.727 1633.65 175 150 143
-494.77 -13.5584 634.416 39 53 46
41.7832 -17.2339 1219.89 68 93 98
-253.972 29.219 1292.67 74 62 41
434.898 55.7765 1700.23 49 35 17
136.794 80.4106 1269.91 168 121 107
130.62 90.3684 1275.84 255 251 226
-15.7529 89.1476 1126.79 166 127 119
-66.1171 104.537 1075.67 130 15 1
-72.3344 195.236 1143.45 188 155 140
428.453 321.559 1696.94 129 152 149
575.334 437.701 1851.3 236 250 246
-80.4071 285.481 1176.05 59 34 24
134.41 423.772 1368.89 170 164 131
28.6406 400.67 1271.46 255 250 242
130.585 565.806 1360.13 43 42 34
146.205 595.007 1415.79 231 234 224
-390.887 -194.835 691.591 69 82 76
97.009 38.2519 -181.996 5 3 3
563.518 -251.582 1724.66 103 127 120
299.419 110.99 -1038.63 139 103 75
247.139 45.9806 -628.896 161 135 109
-584.738 -2.91358 845.894 63 52 31
-584.738 -2.91358 845.894 63 52 31
575.997 -3.05335 1758.51 251 240 246
86.5289 10.5532 1238.4 87 40 32
-11.1501 29.6892 1192.08 239 216 189
-28.3917 41.3873 1262.84 235 213 191
-28.3917 41.3873 1262.84 235 213 191
-34.7378 40.3344 1134.39 237 214 197
-34.7378 40.3344 1134.39 237 214 197
518.775 64.9954 1703.52 54 21 12
633.86 116.426 1793.34 253 251 237
613.65 198.619 1819.7 127 111 94
89.6379 206.02 1386.14 254 250 236
65.1357 188.252 1280.96 245 246 231
485.135 275.946 1841.15 144 179 164
-57.8256 190.795 1119.2 64 25 10
616.2 347.707 1907.12 172 198 198
645.612 363.565 1903.88 179 191 191
683.404 418.84 2190.52 240 250 244
613.623 447.005 1967.89 155 185 181
72.7105 311.24 1286.28 202 180 180
141.95 430.74 1359.62 255 250 236
-15.1742 379.395 1175.31 245 255 249
-58.4913 419.268 1263.45 69 50 32
-132.746 562.225 1550.82 16 11 8
41.1429 468.15 1261.27 245 251 238
41.1429 468.15 1261.27 245 251 238
-470.904 -158.562 614.578 136 139 129
-470.904 -158.562 614.578 136 139 129
-469.737 -144.798 617.533 131 147 138
-569.428 -151.683 775.524 145 152 145
-266.104 -221.743 1518.21 46 29 12
397.422 -169.667 1623.17 11 15 13
-287.421 -35.5869 448.948 125 137 132
-135.017 -24.6628 1330.76 42 19 13
-135.017 -24.6628 1330.76 42 19 13
538.413 -27.2339 1680.33 197 144 119
538.413 -27.2339 1680.33 197 144 119
596.416 21.8782 1712.38 131 115 86
594.351 55.8109 1733.58 248 240 219
-18.647 100.631 1111.62 241 255 255
654.67 290.49 2110.51 243 249 244
483.995 424.228 1901.04 83 88 84
-16.8691 282.188 1167.04 159 93 82
-43.9067 293.863 1138.27 79 30 18
31.3627 445.422 1234.82 77 62 61
-227.709 -77.7754 286.206 45 47 45
-227.709 -77.7754 286.206 45 47 45
-565.822 -86.0553 806.323 137 141 135
518.651 -92.1098 1650.6 251 250 249
391.24 40.3544 1638.28 110 116 83
-2.96743 73.1392 1122.11 251 255 255
51.371 152.663 1208.72 251 219 193
22.8642 274.316 1192.49 161 112 97
22.8642 274.316 1192.49 161 112 97
-14.4192 337.781 1176.88 254 249 250
-30.1564 368.555 1186.02 84 62 55
18.2106 383.22 1222.62 252 255 253
-129.032 466.976 1391.8 97 60 46
56.4401 478.622 1305.54 232 221 200
-38.7809 -22.8651 78.9109 65 66 60
-193.317 -78.389 583.632 75 75 71
-332.256 -63.2831 579.956 84 91 86
12.292 117.06 1169.99 232 140 114
472.472 293.096 1914.76 90 104 116
472.472 293.096 1914.76 90 104 116
-120.174 257.844 1144.06 142 99 74
-120.174 257.844 1144.06 142 99 74
46.0594 294.067 1207.35 253 251 253
-316.789 -86.0774 405.991 48 49 45
-215.248 -52.8224 270.979 118 138 128
3.74449 434.33 1218.61 255 254 250
-335.59 -69.6445 459.325 125 142 134
-335.59 -69.6445 459.325 125 142 134
-146.027 18.305 1197.52 160 136 107
287.271 -111.405 1589.08 87 81 62
-434.114 -14.8406 670.043 118 100 74
-434.114 -14.8406 670.043 118 100 74
414.095 145.081 2051.36 46 40 30
441.228 -124.257 1591.71 61 49 41
-138.301 116.569 1077.86 168 143 122
-126.413 281.251 1264.21 140 97 72
445.867 82.5227 1822.45 80 86 56
59.5102 169.898 1268.54 255 244 227
