887.102 -271.558 1567.61 126 125 124
710.496 -211.441 1266.7 193 191 188
-400.598 -117.61 755.764 54 52 49
276.134 -168.346 1757.91 112 104 99
378.358 -98.2654 1829.09 203 188 170
-1378.22 -62.4139 2297.68 144 129 104
-22.7631 9.60496 -136.309 62 59 49
-318.71 93.5862 1167 145 105 86
313.345 213.655 1779.66 92 81 75
-154.861 146.264 1080.08 176 151 145
327.599 259.602 1782.78 49 39 27
350.874 415.212 1841.29 190 208 204
-148.495 343.202 1192.8 143 128 115
-236.286 532.311 1322.35 164 162 158
-155.625 448.496 1106.82 38 22 10
-215.835 575.707 1427.7 187 177 163
-200.613 659.438 1614.69 56 34 16
-12.7242 -264.998 1402.81 208 179 162
55.6456 -274.214 1550.63 152 145 130
32.4614 -207.029 1162.45 152 145 130
331.891 -86.3808 1717.25 160 153 134
297.753 -37.8447 1721.38 30 9 2
380.232 42.6691 1815.29 123 109 102
-91.7233 37.6786 1224.63 95 57 45
-104.562 69.989 955.61 243 224 201
564.865 179.83 2438.72 251 254 238
-83.4288 108.533 1137.48 254 251 254
408.151 214.092 1875.02 165 154 125
206.945 249.146 1817.84 42 42 26
-10.7235 169.105 1227.38 182 112 92
-231.543 183.944 1126.56 65 16 5
-154.047 204.761 1121.85 59 27 13
238.184 346.143 1896.24 43 67 81
3.73191 278.545 1277.5 255 254 245
-220.294 275.436 1168.23 60 18 10
-70.3047 356.479 1174.52 175 121 119
-360.928 -56.4507 618.092 138 148 141
48.5115 8.79852 -148.886 124 105 81
360.368 -79.2059 1792.51 113 97 80
323.413 -24.8011 1686.2 124 120 119
-116.822 7.02205 1297 141 138 134
380.504 103.613 1837.47 247 237 223
-85.3526 67.7547 1073.89 245 226 202
224.507 182.682 1952.85 131 132 106
386.95 240 1888.97 136 122 100
-78.7254 150.524 1114.22 156 126 119
-7.12469 191.76 1250.44 157 110 93
-13.3595 220.109 1258.26 251 253 247
2.04577 230.004 1276.17 169 142 134
-107.731 219.455 1089.19 51 26 17
-122.901 222.666 1097.73 193 155 139
-98.7799 337.038 1162.38 53 30 22
-71.942 411.918 1157.93 251 254 253
-119.492 420.104 1140.35 48 36 24
-216.881 450.403 1211.07 137 87 61
35.5381 490.126 1310.13 45 38 38
578.819 -205.552 986.398 131 123 124
210.731 -124.532 1771.94 7 7 5
404.911 -95.0204 1829.17 132 124 110
344.175 -28.4828 1766.8 140 121 107
-49.1193 99.4517 1160.21 253 172 148
-13.2389 225.347 1278.93 242 244 234
249.396 483.946 1971.47 82 96 90
-72.8392 310.411 1142.18 160 90 57
-35.4709 471.963 1208.38 90 67 57
-252.137 606.147 1510.67 24 20 13
-66.9983 487.493 1172.12 42 31 24
-66.9983 487.493 1172.12 42 31 24
-75.5941 513.818 1193.13 127 110 91
-639.997 -110.455 915.126 116 119 113
-22.2551 2.93701 1249.07 53 86 88
-110.751 80.7237 1075.81 216 196 172
199.717 159.727 1759.17 133 134 109
-192.516 116.789 1084.95 52 34 27
-35.0642 140.585 1195.44 254 253 255
381.84 355.463 1953.49 247 255 252
23.4198 241.112 1298.99 248 250 255
-69.3942 251.908 1149.89 241 209 180
-76.3501 326.226 1116.28 251 252 255
-86.5722 394.852 1144.01 76 50 48
-32.9267 444.018 1241.93 94 84 83
32.9943 505.609 1328.97 102 93 93
-390.981 -290.8 865.234 22 22 20
-492.097 -85.1687 957.931 61 72 71
-101.774 146.999 1094.65 254 253 246
223.507 338.293 1906.78 56 78 81
223.507 338.293 1906.78 56 78 81
-142.963 215.893 1088.03 74 54 40
43.5365 384.163 1355.95 254 253 254
-280.6 -150.736 1376.42 50 46 34
375.476 -152.969 1813.04 105 97 83
393.323 15.5466 1799.18 254 255 245
54.159 185.428 1450.38 211 206 190
-142.399 163.57 1104.91 174 125 106
-142.399 163.57 1104.91 174 125 106
-95.2784 194.669 1103.15 252 250 253
-95.2784 194.669 1103.15 252 250 253
-202.346 240.981 1141.33 158 92 60
22.7685 13.3657 1323.63 215 187 156
-211.186 53.9272 1118.07 165 140 112
19.7655 -247.84 1543.37 184 175 166
391.818 124.048 1826.57 207 209 195
111.071 150.855 1546.66 82 72 56
-300.523 159.276 1234.98 79 53 40
-143.85 248.613 1139.59 74 57 40
-3322.1 -824.171 4890.15 31 25 22
111.328 -68.3153 1939.65 98 92 83
189.504 413.902 1862.6 89 77 70
189.504 413.902 1862.6 89 77 70
189.504 413.902 1862.6 89 77 70
0.917967 565.466 1299.4 88 86 89
378.856 39.272 1753.21 247 244 243
-314.669 7.95309 1377.14 140 130 114
198.432 84.0184 -367.505 28 21 19
-218.474 198.786 1149.98 164 112 84
