741.573 -342.01 1680.39 193 189 188
471.507 -103.741 1930.09 229 230 209
400.793 -26.5896 1851.65 178 144 130
128.766 5.68298 1310.87 52 37 34
352.134 21.1073 1793.12 141 127 117
19.9426 25.8965 1179.51 255 252 226
92.7956 33.8326 1266.55 255 248 235
90.4998 143.467 1305.44 255 246 222
-148.604 126.877 1124.57 55 3 0
87.5749 179.529 1241.43 127 111 102
-146.126 180.437 1183.01 56 10 7
-137 245.668 1202.69 48 10 2
39.7785 268.661 1222.54 249 252 242
-123.837 337.565 1226.52 68 31 22
-104.153 402.989 1224.01 191 145 115
-46.9064 443.277 1239.95 25 11 8
524.652 -215.93 1007.31 104 107 107
880.073 -419.384 1973.44 75 70 68
880.073 -419.384 1973.44 75 70 68
880.073 -419.384 1973.44 75 70 68
-643.031 -183.181 1074.98 34 40 37
-582.835 -150.106 985.579 30 36 33
-445.205 -101.529 751.965 44 48 43
-735.393 -131.917 1125.57 142 150 144
-693.961 -119.429 1046.84 64 67 59
194.925 -158.785 1790.46 110 120 101
416.778 -103.518 1763.79 163 156 131
368.576 36.1817 1761.45 230 216 208
-154.623 83.2214 1114.24 42 3 0
366.909 172.855 1858.85 102 86 81
-106.006 113.242 931.633 154 95 57
79.423 144.658 1219.86 154 117 92
398.857 217.666 1840.71 240 234 224
96.3453 174.185 1285.81 252 255 243
5.50044 236.499 937.177 249 252 242
111.042 465.899 1327.6 26 25 25
114.522 618.795 1412.28 225 224 221
211.593 -206.44 1751.04 134 105 98
241.073 -164.883 1679.9 14 17 12
384.356 -105.605 1838.1 254 247 237
368.357 -74.6004 1710.97 144 129 112
-35.935 -38.712 1365.06 161 151 145
-254.985 33.4791 1228.16 97 78 58
15.0123 40.0791 1122.1 204 140 119
474.37 142.414 1987.59 171 159 138
294.172 284.544 1964.7 157 189 180
281.635 338.582 1888.68 104 122 120
22.3088 378.831 1177.25 246 242 235
101.014 598.701 1379.22 76 74 70
248.895 -168.745 1726.34 14 17 12
37.6982 26.2094 1164.21 213 144 119
60.2259 103.976 1224.6 249 252 253
72.2521 184.517 1231.89 248 243 228
109.566 198.565 1305.97 255 252 255
50.7194 268.756 1199.6 176 125 119
50.7194 268.756 1199.6 176 125 119
126.661 336.776 1360.66 251 255 255
23.9959 328.049 1162.34 252 255 252
112.695 620.42 1408.52 250 249 246
-44.3305 -16.34 87.4967 138 138 131
-7.89908 39.4073 1092.38 220 193 181
334.23 189.167 1662.66 78 63 59
427.577 322.749 2074.11 244 254 249
36.2848 247.364 1168.65 251 241 228
65.3997 293.447 1212.05 255 253 254
60.1399 411.106 1269.77 115 98 93
-502.072 -117.089 1059.43 48 34 24
-713.618 -127.748 1218.67 53 63 59
440.669 -36.0115 1887.05 245 249 241
-196.627 64.1115 1168.94 165 111 82
-102.489 80.4412 1103.42 51 27 22
-29.0801 117.743 1116.21 192 151 125
119.019 335.527 1317.78 250 253 252
34.0953 425.677 1206.64 253 253 250
-756.347 -117.399 1215.76 65 72 70
-63.1862 -39.1217 1316.18 51 105 112
2.13525 156.642 1104.85 254 254 249
2.13525 156.642 1104.85 254 254 249
219.161 259.738 1726.15 94 106 114
-468.252 -125.998 842.659 104 117 110
-468.252 -125.998 842.659 104 117 110
-549.515 -115.666 964.194 51 52 54
-115.104 208.909 1155.95 169 101 67
-115.104 208.909 1155.95 169 101 67
30.1652 -17.0501 1157.81 73 105 125
-57.9823 17.5168 1179.62 175 141 122
-86.5366 355.767 1209.43 160 94 56
-599.824 -135.217 933.334 126 134 128
-49.3026 206.342 1119.65 76 61 43
490.244 -12.7172 2080.09 253 255 255
221.19 -282.967 1745.87 192 193 180
60.1216 65.4578 1226.9 255 252 243
248.088 110.72 1534.82 125 92 77
