419.421 55.7733 1725.62 40 22 15
9.98951 72.1505 1121.08 200 156 146
-183.877 86.2496 1120 47 7 2
27.9832 132.053 1207.92 254 248 223
325.178 263.111 1827.78 39 59 73
441.129 270.866 1827.26 231 255 255
362.297 293.191 1902.3 20 47 45
-1797.3 -807.629 4226.39 9 7 4
-1543.83 -347.694 3625.57 147 123 103
-181.882 -21.9364 1270.39 158 149 134
-2667.41 60.3873 3671.82 70 71 56
506.413 101.368 1787.17 255 255 245
-8.328 112.876 1073.68 253 254 244
-174.456 126.83 1120.84 86 32 25
-65.9037 184.433 1076.91 205 175 158
463.694 45.9635 1695.39 243 231 215
-254.932 34.0606 1160.19 88 69 52
-53.1359 129.587 1029.27 88 14 7
65.5436 182.37 1213.7 176 136 118
-41.9013 173.861 1084.83 249 253 254
69.2868 199.485 1210.73 138 110 107
-55.146 189.093 1118 71 36 31
135.88 235.352 1309.18 255 241 223
-145.503 59.9841 1091.33 77 43 35
-6.50411 120.917 1125.44 250 253 250
-53.2647 129.457 1023.66 78 8 1
135.323 218.486 1327.84 253 251 249
-1575.61 -566.724 3344.21 147 147 135
-2095.82 -325.907 3556.26 137 147 140
42.1851 -34.2443 1180.53 68 106 126
295.699 37.4866 1672.03 114 120 99
-55.2769 45.7027 1038.67 205 183 161
26.1235 100.352 1149.16 250 250 255
-82.3035 130.317 1035.31 174 120 102
90.0449 194.963 1249.74 252 251 255
-89.4187 185.356 1123.32 86 58 42
-10.635 211.898 1122.92 249 202 177
-1058.29 -437.183 3499.47 50 36 25
-1694.13 -498.416 4226.13 64 71 70
-1803.17 -452.19 4145.43 70 68 71
-445.773 -551.496 3922.68 50 41 32
-1642.87 -569.717 4328.7 68 72 65
-84.3498 125.608 1075.62 174 126 102
-38.4459 154.541 1068.13 255 251 254
-143.392 207.407 1163.65 157 97 68
-1590.22 -708.412 4394.58 112 114 109
-68.3469 -32.5755 1230.05 45 90 97
-68.3469 -32.5755 1230.05 45 90 97
102.037 -28.8953 1348.49 209 185 162
478.893 65.2199 1701.92 205 208 189
-91.6304 80.8801 1051.56 53 30 24
-229.293 -33.7347 1346.48 142 132 116
-151.507 155.291 1120.98 152 89 66
