-230.809 -380.281 1304 83 79 67
-420.763 -451.734 1593.73 51 59 55
130.993 214.197 -1040.21 94 83 63
577.061 -160.932 1114.81 234 246 237
556.184 -172.438 1214.7 90 67 59
522.603 -146.925 1134.1 95 95 92
-274.282 -97.0681 1210.51 18 24 26
592.674 -95.1948 1196.92 134 133 109
539.526 -76.9866 1189.61 101 81 64
418.635 -58.2799 1161.95 51 41 39
518.938 -51.4882 1201.36 152 120 96
504.939 -45.2118 1294 110 94 77
-238.562 7.79045 948.699 87 53 38
-157.482 20.6244 939.874 255 241 234
397.084 26.2498 1204.19 36 23 17
-99.4393 52.8969 1043.41 248 228 203
-242.304 60.1789 985.326 174 88 60
660.068 98.6484 1338.6 203 203 188
-353.046 71.7173 971.673 54 21 12
680.334 102.451 1289.08 114 143 106
-208.519 99.6262 1085.68 255 245 244
-106.204 116.08 1060.04 255 208 204
-301.631 130.658 1008.34 238 245 244
521.035 268.386 1599.63 58 52 55
-531.058 -280.324 -1240.04 71 102 113
500.301 326.974 1377.79 24 68 68
-148.604 543.508 1718.36 137 147 111
-287.535 354.087 1096.2 254 255 252
-64.4869 394.598 1169.26 49 54 59
-239.432 385.55 1123.64 14 11 9
-222.921 400.956 1110.79 52 49 52
72.6387 -262.209 788.647 148 151 146
540.727 -243.313 1153.23 192 239 233
391.686 -270.368 1359.84 178 136 118
420.794 -243.926 1237.82 224 185 172
-339.412 -70.445 402.583 82 101 93
502.457 -244.714 1336.56 103 112 121
498.031 -158.565 1216.8 153 137 126
-212.191 -92.8913 1081.36 42 57 62
433.367 -64.4632 1174.47 66 63 64
483.529 -60.5525 1162.98 105 90 64
441.688 -54.0451 1200.25 177 193 166
488.024 -44.0325 1255.48 110 94 77
506.209 -42.136 1210.22 132 103 82
487.25 -4.55557 1217.31 231 208 213
-211.334 -2.85805 996.858 42 51 26
512.991 38.1756 1233.28 253 245 236
561.106 43.2726 1241.49 253 252 249
514.922 50.5549 1226.13 196 175 160
514.922 50.5549 1226.13 196 175 160
500.993 60.7135 1304.81 92 72 64
-72.2992 47.2649 1058.99 252 238 220
-236.861 66.5728 976.074 255 234 218
-187.567 74.8598 1011.53 253 237 234
-187.567 74.8598 1011.53 253 237 234
509.131 96.6114 1278.54 123 105 82
-289.733 74.7111 974.122 162 99 91
634.08 111.856 1362.1 255 255 222
-198.186 93.3481 1002.21 255 250 249
-105.143 140.32 1053.11 51 17 8
-150.55 183.808 1079.63 255 251 244
462.859 269.13 1454.48 71 66 56
-145.859 195.366 1031.79 255 252 243
-300.19 192.173 937.108 151 137 128
-74.1278 197.781 932.072 38 22 17
-82.2122 257.399 1166.58 34 13 9
-76.5739 273.91 1159.75 33 16 5
-17.3315 283.021 1141.73 218 200 182
-69.6492 286.505 1131.65 43 20 6
-100.26 289.735 1109.47 174 154 146
-100.26 289.735 1109.47 174 154 146
-63.8128 303.392 1126.77 40 9 0
-123.281 369.435 1162.76 125 147 104
-123.281 369.435 1162.76 125 147 104
-269.264 371.963 1093.91 27 5 3
-274.816 365.829 1069.62 251 246 231
-236.006 392.131 1117.02 242 237 232
-145.359 -396.907 1395.5 150 154 147
-695.004 -643.338 2355.33 43 52 50
533.304 -247.674 1168.38 27 42 35
-500.267 -536.853 2630.15 170 156 131
388.244 -123.401 1142.9 128 125 115
418.574 -99.5579 1169.56 255 251 251
664.032 -99.5953 1245.71 248 253 244
536.952 -47.9535 1198.13 182 123 98
536.952 -47.9535 1198.13 182 123 98
-179.793 -38.1396 1049 46 71 71
517.858 8.73241 1228.34 255 244 240
-275.882 11.8229 1005.39 204 182 157
-287.293 16.4654 991.865 202 175 153
-287.293 16.4654 991.865 202 175 153
-140.282 25.3031 1051.01 63 13 1
-140.282 25.3031 1051.01 63 13 1
-261.977 20.1314 813.818 206 181 155
-110.872 51.5394 1028.29 149 81 63
-155.773 65.1537 1013.72 209 141 118
-155.773 65.1537 1013.72 209 141 118
-232.559 48.3043 718.062 125 98 98
-94.6749 75.9814 1040.81 255 247 233
-173.26 74.7095 1014.94 255 242 235
-309.055 82.702 967.249 153 98 103
-283.312 84.8427 983.724 216 219 218
601.282 189.897 1351.46 240 251 246
489.849 183.77 1283.96 122 124 116
-78.8941 171.564 1074.39 188 109 70
-78.8941 171.564 1074.39 188 109 70
630.219 272.917 1381.71 162 180 177
-95.1828 219.792 1103.47 252 255 240
-312.565 211.343 1048.67 105 61 35
540.752 341.214 1500.85 37 79 83
540.752 341.214 1500.85 37 79 83
583.848 417.728 1749.49 60 60 56
-237.739 261.672 1072.62 78 43 39
-85.6669 278.242 1078.83 191 189 180
-124.04 286.518 1065.09 144 111 103
-292.679 296.169 1084.88 102 60 54
-41.0206 315.19 1145.36 205 121 81
-233.839 352.141 1101.63 231 220 215
-228.023 439.622 1168.79 201 189 168
-597.505 -346.3 1325.73 62 63 59
600.468 -243.469 1132.85 55 92 105
564.772 -53.532 1220.43 254 254 254
420.976 -8.15978 1139.17 129 113 95
692.28 6.45981 1277.51 113 118 95
-232.86 53.0118 995.497 195 101 72
523.884 89.72 1272.11 250 246 234
640.015 116.787 1268.49 221 223 199
589.4 401.202 1503.87 122 155 162
15.5215 -376.615 1176.68 122 120 113
-5.51372 -328.394 1043.28 39 27 23
592.145 -68.7288 1217.2 163 155 126
592.145 -68.7288 1217.2 163 155 126
-215.059 -19.8811 999.332 25 18 13
377.72 5.5668 1314.04 69 74 59
-199.484 71.078 1000.99 240 226 218
-299.723 89.0791 994.48 189 221 208
-286.457 249.11 1030.35 112 60 51
-281.28 268.137 1043.3 240 236 236
-228.801 406.035 1114.78 33 28 27
134.884 -286.005 814.277 72 68 65
64.4952 -233.62 731.581 73 76 73
-658.016 -364.97 1413.22 133 147 139
401.423 -242.154 1239.99 90 41 31
490.131 -75.4813 1199.12 103 81 74
490.131 -75.4813 1199.12 103 81 74
-250.762 57.8826 990.041 228 148 122
-334.971 99.5744 969.208 234 213 205
-180.244 112.497 1006.02 111 62 51
-180.244 112.497 1006.02 111 62 51
-90.0482 122.066 1064.52 255 233 220
-265.577 155.449 1017.33 224 179 138
534.774 -420.361 1242.32 46 37 32
-493.361 -324.377 1336.27 121 130 126
488.897 -171.971 1099.12 74 64 61
627.236 -90.6584 1173.8 250 255 247
450.1 -29.4675 1209.68 175 94 91
550.31 54.8373 1280.55 246 240 220
550.31 54.8373 1280.55 246 240 220
-171.763 82.5619 1025.77 209 165 145
-164.749 190.047 1079.31 101 75 71
-102.647 276.54 1173.41 251 255 251
-261.439 400.751 1122.95 229 215 201
-143.069 -56.0637 994.482 50 83 100
551.729 7.98716 1248.38 146 118 114
688.107 108.667 1304.91 118 144 106
-252.275 103.119 989.823 179 99 81
-314.197 137.727 979.425 249 253 252
-314.197 137.727 979.425 249 253 252
-314.197 137.727 979.425 249 253 252
-208.752 265.598 1057.48 249 235 228
-181.983 353.725 1121.05 150 176 129
-564.081 -363.159 1270.24 78 77 74
-564.081 -363.159 1270.24 78 77 74
-500.878 -295.807 1539.95 79 59 45
430.803 -191.16 1118.96 58 58 62
307.203 -189.282 1311.82 64 54 48
671.955 36.0116 1261.14 70 92 73
399.821 90.8305 1518.97 65 58 50
410.357 73.7315 1224.21 50 40 32
-231.681 84.6899 1041.47 254 227 222
-231.681 84.6899 1041.47 254 227 222
-231.681 84.6899 1041.47 254 227 222
474.934 215.273 1617.6 137 127 116
563.951 373.62 1769.66 89 80 73
-528.263 -387.518 1388.39 138 146 140
599.509 249.537 1405.53 203 229 230
19.5686 566.592 1402.83 185 183 176
-186.706 48.3989 992.808 212 174 159
-524.164 -257.738 1364 79 59 44
318.508 -111.658 1112.57 33 27 19
-127.081 288.656 1135.64 230 237 227
486.339 139.998 1523.32 74 60 54
