-183.015 -181.337 672.6 83 84 69
614.887 -264.439 1315.48 49 71 75
443.826 -179.164 1184.89 152 140 137
506.956 -173 1213.83 197 179 163
-612.918 -92.1742 969.937 107 118 108
435.509 -83.7274 1272.39 248 249 253
399.366 -86.6076 1299.15 45 24 16
445.689 -73.905 1243.67 160 150 133
397.513 -47.1409 1236.64 81 33 19
482.486 -49.9056 1297.5 255 246 232
460.056 -43.8669 1281.99 80 58 35
460.056 -43.8669 1281.99 80 58 35
-379.407 -38.5869 1138.07 98 85 70
512.679 -29.765 1289.86 252 243 234
410.907 -23.6324 1258.24 58 47 29
456.923 -22.4378 1288.58 120 108 102
-176.112 -8.68611 986.701 37 17 7
-166.208 40.1729 998.951 255 248 233
454.429 55.0706 1319.2 88 71 55
686.169 77.0178 1408.21 190 222 197
675.752 80.7958 1371.11 128 153 122
-161.847 69.9459 1013.62 253 252 246
-161.618 83.0706 1018.25 247 228 227
-202.303 94.0037 1035.24 255 248 251
559.27 137.789 1472.18 158 144 126
-160.96 106.269 1035.35 104 54 29
506.74 225.14 1543.11 64 71 74
463.158 232.668 1519.8 35 46 43
538.855 251.565 1455.97 6 22 41
436.431 263.174 1424.73 133 141 137
-44.2554 211.184 1111.91 193 126 106
-242.211 240.761 999.932 69 21 10
-128.82 291.756 1113.3 251 255 236
-72.995 156.337 574.938 255 246 235
-162.836 336.031 1122.57 136 163 120
-152.668 352.887 1064.51 148 170 133
-176.156 375.034 1120.61 68 60 55
-252.088 436.01 1161.32 144 140 132
-315.757 -177.71 747.75 53 70 63
586.301 -294.213 1346.87 24 65 72
-251.927 -138.413 759.825 159 143 123
-190.549 -98.4005 561.877 88 65 47
500.29 -130.083 1277.97 102 65 53
-198.04 -86.893 1138.55 120 123 126
515.363 -86.2324 1288.6 197 187 155
-168.594 -64.522 1027.69 129 125 129
-168.594 -64.522 1027.69 129 125 129
403.605 -75.0464 1308.33 158 137 134
442.27 -66.3557 1266.68 184 182 156
577.937 -71.5939 1371.75 193 132 99
522.28 -21.2654 1297.37 79 59 50
527.744 -8.59442 1324.64 252 237 231
-52.3029 22.5265 1065.83 251 225 217
446.003 32.838 1284.55 75 69 74
-124.06 40.7796 1044.27 255 233 218
-124.06 40.7796 1044.27 255 233 218
-184.365 45.1839 992.653 247 219 200
-150.318 60.2677 1019.86 216 153 127
-82.1266 63.1594 1061.43 197 106 84
-82.1266 63.1594 1061.43 197 106 84
-243.019 59.7732 958.222 255 247 245
479.171 96.4845 1341.37 95 99 76
-138.814 74.375 1010.48 228 190 175
497.407 103.037 1358.62 206 204 176
-270.42 76.3643 960.982 97 82 73
-270.42 76.3643 960.982 97 82 73
-64.6643 86.1606 1075.75 255 244 233
-210.026 86.305 1010.27 255 249 240
609.231 156.796 1402.53 250 253 250
-151.091 137.395 1038.4 119 74 60
487.43 196.427 1436.09 37 30 25
-50.553 152.205 1089.96 242 240 223
-99.3755 154.368 1055.7 98 69 38
-272.865 155.002 979.625 47 19 12
-117.63 171.001 1064.98 255 252 244
-93.0685 262.843 1055.17 236 246 240
-215.431 332.661 1026.47 243 226 216
-215.462 351.634 1072.07 15 7 0
-239.967 360.226 1067.91 239 235 231
-63.2622 533.933 1236.46 166 213 196
-152.181 -148.609 475.848 144 150 141
-177.847 -80.8007 300.703 65 78 70
-70.5197 -64.4085 258.85 163 162 156
-225.939 -111.672 480.51 46 61 59
623.614 -272.208 1280.85 67 97 109
-507.487 -181.801 896.39 64 67 53
43.6909 60.0962 -310.063 182 165 140
594.424 -180.673 1259.55 54 53 48
493.831 -149.604 1205.52 221 203 191
467.512 -149.858 1254.62 141 145 126
-171.426 -24.3564 244.932 52 61 51
495.984 -115.92 1270.71 237 219 195
474.876 -61.0532 1291.35 116 92 71
492.383 -57.9259 1287.05 250 253 225
483.597 -36.2148 1290.31 144 101 85
421.085 -7.20222 1259.3 222 228 229
-240.278 7.82393 995.247 207 184 157
504.385 21.6241 1315.98 114 86 75
539.512 23.3719 1368.73 255 247 242
589.741 25.4997 1380.77 255 251 251
707.398 49.5347 1404.48 122 124 110
-197.501 33.5981 967.928 244 177 151
-84.6161 43.9027 1044.11 167 108 95
-173.75 44.2594 994.012 59 28 19
657.463 79.5262 1394.24 254 254 243
-70.6669 68.3919 1059.63 255 252 248
-236.782 68.5293 970.046 195 144 132
-246.648 78.751 980.048 234 252 241
534.223 124.955 1454.35 104 104 83
-60.5913 104.323 1094.4 250 240 239
-236.39 97.7462 952.884 255 245 222
648.553 207.089 1504.67 152 172 174
-77.9735 176.295 1071.47 255 248 246
-279.611 201.513 1020.43 255 254 227
1.45038 279.24 1146.23 190 140 113
1.45038 279.24 1146.23 190 140 113
-16.4437 308.441 1172.88 227 145 105
-199.733 327.432 1082.07 83 55 50
-1003.49 -527.129 1906.96 138 155 146
419.122 -124.253 1212.95 65 52 47
596.982 -88.1149 1310.99 171 161 140
596.982 -88.1149 1310.99 171 161 140
675.63 -79.8098 1353.25 138 156 131
-127.685 -4.26335 1008.86 65 35 16
532.242 7.0822 1319.34 95 64 57
532.242 7.0822 1319.34 95 64 57
444.796 22.2185 1309.29 254 254 253
444.796 22.2185 1309.29 254 254 253
568.029 40.6335 1379.27 255 252 236
-286.297 64.8585 950.871 219 225 220
620.04 93.3001 1323.42 252 252 236
-186.26 277.575 1022.95 86 50 44
-65.7596 362.013 1146.66 165 146 113
-222.282 399.183 1076.31 64 52 43
-41.3086 -97.3353 338.39 115 116 114
-365.44 -128.074 630.878 64 67 53
-365.44 -128.074 630.878 64 67 53
343.418 -202.804 1279.91 17 12 7
-241.183 101.418 974.891 255 248 240
-258.195 111.294 967.888 250 253 253
-258.195 111.294 967.888 250 253 253
-165.033 198.247 1073.06 253 254 240
-248.958 240.499 1021.22 123 43 32
-239.137 252.95 1007.52 222 212 207
-72.4937 144.727 -468.808 75 80 75
37.8209 -357.552 1232.27 73 78 79
-271.415 -105.295 461.458 130 147 140
501.448 -92.7168 1302.65 99 78 66
-215.111 50.3658 983.08 214 126 96
-236.792 53.4118 970.306 250 233 233
-307.345 71.7121 965.417 108 56 48
-294.919 93.6643 959.472 238 220 210
-152.38 106.108 1027.7 118 68 59
-152.38 106.108 1027.7 118 68 59
-152.38 106.108 1027.7 118 68 59
-144.925 138.755 1045.99 131 85 62
-144.925 138.755 1045.99 131 85 62
-144.925 138.755 1045.99 131 85 62
-144.925 138.755 1045.99 131 85 62
-225.983 145.23 1000.89 224 180 147
-206.115 215.902 1044.6 237 217 198
-202.844 237.702 1037.54 98 62 46
-202.844 237.702 1037.54 98 62 46
-158.165 -146.431 470.546 136 144 140
-158.165 -146.431 470.546 136 144 140
-285.39 -111.47 486.177 127 144 137
642.139 -112.211 1296.68 245 255 239
-139.999 73.7337 1018.81 228 190 175
-131.16 173.246 1046.26 149 124 101
-131.16 173.246 1046.26 149 124 101
-131.16 173.246 1046.26 149 124 101
-220.242 377.084 1076.58 254 229 222
-220.242 377.084 1076.58 254 229 222
-212.488 94.4202 966.528 197 114 91
-278.086 132.607 977.494 249 255 253
-278.086 132.607 977.494 249 255 253
-243.526 -109.334 428.86 78 80 71
-243.526 -109.334 428.86 78 80 71
-243.526 -109.334 428.86 78 80 71
583.443 -223.253 1291.06 91 83 83
-315.824 -122.264 762.827 79 61 40
-84.1667 -32.9001 996.459 213 171 130
-206.297 -101.564 407.734 137 147 140
-206.297 -101.564 407.734 137 147 140
-186.72 -55.7405 1073.73 61 82 92
558.723 -201.847 1336.54 93 70 63
614.536 -14.1483 1411.34 254 253 236
463.329 105.858 1553.58 79 64 52
-147.929 150.343 1023.54 254 249 229
