-131.908 -477.622 1438.89 177 167 157
-663.109 -448.327 1833.97 53 57 52
-773.013 -252.452 1548.96 59 23 13
419.957 -117.296 1214.7 170 172 179
509.174 -100.16 1280.49 219 209 181
497.059 -38.4117 1312.46 242 234 234
-169.344 -31.6355 1041.7 46 30 20
-157.908 84.8203 1057.48 162 104 92
408.253 151.081 1352 123 126 123
609.331 163.128 1418.06 246 255 255
462.694 199.727 1570.66 54 60 59
-90.475 149.861 1112.83 139 101 77
-80.4537 150.574 1099.17 233 209 186
474.672 263.97 1516.07 56 73 70
637.02 264.872 1533.9 240 255 253
-254.635 237.96 1036.38 255 254 250
-84.4341 281.418 1195.03 253 252 249
-247.885 248.287 1031.7 250 249 241
-128.289 291.96 1094.97 58 53 35
-80.2492 372.945 1155.36 40 29 23
-222.344 337.059 1061.76 254 243 230
-187.025 -161.979 581.962 155 152 138
-1232.16 -594.528 2216.76 140 160 151
-619.929 -383.8 1592.81 30 46 42
-709.502 -360.103 1579 29 47 41
-1187 -483.783 2183.29 46 50 48
402.209 -306.195 1476.92 48 49 41
402.209 -306.195 1476.92 48 49 41
599.876 -221.239 1264.14 176 201 176
384.55 -191.609 1206.6 241 239 236
-488.757 -207.977 1388.64 151 147 126
667.033 -108.014 1376.75 248 255 247
482.885 -66.8265 1297.23 255 253 233
523.703 -25.3868 1321.21 255 241 233
578.75 9.46434 1374.16 255 255 249
454.184 16.3754 1308.49 69 61 67
-68.1503 51.9299 1096.09 209 120 75
468.899 68.3143 1364.23 95 86 62
-231.431 49.2757 990.738 255 251 239
-240.896 58.7128 1005.62 138 97 80
-240.896 58.7128 1005.62 138 97 80
508.612 86.6468 1392.43 205 209 182
-230.881 66.9627 995.584 231 234 223
-230.881 66.9627 995.584 231 234 223
-221.129 86.619 1033.43 164 83 64
611.865 140.519 1425.81 254 255 240
495.187 149.902 1363.59 147 138 135
601.504 173.858 1418.22 148 166 171
456.66 165.886 1357.92 33 24 15
561.946 187.877 1473.79 170 197 191
480.119 224.433 1588.26 62 73 75
544.122 232.038 1472.36 15 56 69
-291.897 174.864 1069.85 115 110 96
-111.741 181.387 1077.85 254 251 244
458.567 244.593 1423.83 139 160 162
505.761 291.736 1500.67 36 65 87
-195.459 259.008 1090.29 242 249 236
-80.2247 359.038 1225.01 141 162 115
-226.196 339.533 1138.95 255 252 245
-228.403 326.961 1055.5 252 254 253
-212.393 343.596 1089.3 250 244 228
-184.404 371.374 1111.44 242 239 230
-203.824 439.701 1190.62 230 222 203
-216.116 487.121 1205.03 36 31 23
-22.3246 -149.495 418.457 157 153 145
-598.394 -291.696 1103.84 63 77 73
-355.843 -469.733 1882.16 153 156 150
-845.821 -363.776 1626.96 127 129 124
-845.821 -363.776 1626.96 127 129 124
-521.853 -239.982 1213.89 40 46 38
643.891 -227.636 1317.02 119 146 118
445.969 -160.714 1262.19 126 125 114
401.445 -152.198 1230.4 111 113 91
-900.643 -143.591 1306.36 86 98 93
-3909.12 -623.095 5738.08 4 1 1
502.045 -132.961 1294.91 234 225 200
406.733 -72.4215 1230.13 247 245 240
426.373 -23.5493 1271.71 240 236 237
-244.769 0.250131 1036.26 220 199 169
-168.792 14.9013 1004.54 247 192 170
-272.595 65.2185 961.154 128 50 53
-46.9229 91.5741 1103.69 253 241 239
-227.831 87.787 997.278 253 249 240
564.928 152.946 1445.92 106 94 77
-51.127 183.504 1153.91 85 57 41
-284.365 193.038 1054.9 165 138 125
602.173 277.464 1507.17 226 248 249
669.994 320.73 1635.39 93 129 146
9.43086 258.121 1217.23 187 134 108
690.928 368.899 1611.97 251 251 249
-144.683 258.254 1026.88 167 126 111
-184.085 332.815 1105.57 254 252 247
-238.26 486.13 1266.51 25 27 23
-24.2222 -103.939 286.857 157 153 145
561.336 -85.5932 1306.22 255 255 251
-114.159 -17.9169 1042.64 69 32 16
447.899 5.22054 1318.02 251 252 249
447.899 5.22054 1318.02 251 252 249
567.414 22.2677 1387.18 252 248 235
-202.878 50.0427 1010.84 212 126 105
623.626 351.444 1568.14 217 242 240
550.487 347.293 1502.11 128 156 167
-53.4614 349.995 1151.45 154 136 98
-93.0113 359.827 1063.69 254 252 248
-104.941 332.158 960.083 254 255 250
-431.109 -471.774 1423.27 90 89 70
-531.023 -502.372 1567.9 85 84 71
748.23 -406.695 1379.12 107 66 57
-91.241 -326.455 1143.96 120 118 103
-114.06 -344.691 1228.75 41 29 23
-283.823 -380.815 1430.88 88 89 84
-430.107 -142.204 717.659 67 69 65
-430.107 -142.204 717.659 67 69 65
324.977 -229.416 1279.79 172 161 161
324.977 -229.416 1279.79 172 161 161
410.671 -115.487 1284.28 41 15 14
581.833 -100.486 1298.08 175 177 131
537.647 21.0951 1521.72 100 84 86
-155.805 51.2318 1029.33 250 239 235
-241.933 69.2324 983.591 185 214 201
-167.197 192.571 1068.97 245 244 236
446.197 306.444 1463.6 60 53 49
-239.497 236.471 1059.74 128 46 33
-238.332 294.847 1088.63 238 241 244
-185.041 404.512 1170.65 86 78 80
-171.384 369.064 1071.99 86 78 80
-417.829 -423.598 1467.93 105 100 85
31.7015 -501.501 1754.32 77 75 75
31.7015 -501.501 1754.32 77 75 75
-702.042 -271.841 1227.78 131 148 142
-699.924 -307.229 1418.7 89 82 74
598.67 -291.726 1383.63 148 187 179
502.429 -205.503 1218.57 81 60 58
-181.567 14.1161 992.385 234 185 162
-203.358 38.655 1021.66 236 139 120
-224.903 42.0947 1002.82 239 237 241
-286.783 84.8703 999.651 242 222 211
-139.974 95.3118 1059.41 134 95 73
-139.974 95.3118 1059.41 134 95 73
-139.974 95.3118 1059.41 134 95 73
-139.974 95.3118 1059.41 134 95 73
-51.1243 101.304 1121.24 255 221 208
-130.914 127.056 1066.49 137 88 63
-130.914 127.056 1066.49 137 88 63
-130.914 127.056 1066.49 137 88 63
-215.53 138.545 1037.02 223 181 142
513.519 311.838 1606.49 117 148 141
-190.896 204.935 1058.36 241 222 199
-189.429 229.779 1061.99 135 83 74
-189.429 229.779 1061.99 135 83 74
476.884 -451.177 1468.27 52 43 31
476.884 -451.177 1468.27 52 43 31
-430.741 -418.271 1366.14 138 146 142
-430.741 -418.271 1366.14 138 146 142
-430.741 -418.271 1366.14 138 146 142
-628.162 -350.117 2079.93 158 135 105
430.29 -117.529 1260.65 250 251 253
-118.307 164.001 1073.83 160 128 117
-9.13762 188.593 1194.67 255 253 242
-211.658 384.706 1119.17 231 218 205
549.03 -26.0329 1334.78 142 112 96
654.531 -3.08287 1342.96 180 189 173
-180.285 65.0719 1060.13 254 242 236
-203.689 85.3351 1010.02 197 106 86
9.76071 144.39 1210.97 145 140 123
-271.434 126.258 1023.25 254 255 255
-271.434 126.258 1023.25 254 255 255
-134.699 333.935 1137.05 159 183 135
-784.548 -359.482 1444.79 78 82 75
-784.548 -359.482 1444.79 78 82 75
-784.548 -359.482 1444.79 78 82 75
586.275 -236.423 1313.48 96 91 89
-705.91 -262.885 1708.52 75 61 47
-70.4901 -48.8435 1056.57 255 218 179
464.544 182.98 1717.74 143 135 123
587.669 209.605 1484.43 221 241 240
465.598 290.069 1597.47 87 80 68
-177.161 -67.1353 1098.12 41 70 75
-101.892 279.759 1235.09 204 211 195
-121.796 496.69 1260.64 56 55 51
442.977 79.3446 1498.29 75 59 48
-132.838 134.826 1029.93 158 116 103
