-288.464 75.4633 972.786 36 15 6
-256.362 161.146 1071 240 229 204
-190.19 171.753 1088.74 63 30 9
524.46 -164.894 997.246 236 241 232
-309.136 446.805 1202.46 54 40 31
-323.812 79.5435 1121.61 110 75 58
-116.699 402.49 1169.8 248 246 248
-353.949 355.423 1140.37 104 83 79
-278.45 209.452 1135.91 254 235 225
449.336 72.126 1185.23 238 221 218
-320.307 361.516 1152.16 98 93 87
-234.372 161.917 984.002 250 232 204
-270.689 164.357 1041.38 255 246 234
363.483 -68.0161 1072.19 252 248 247
-260.577 136.162 1042.15 255 234 211
-276.666 347.988 1115.45 242 234 220
514.484 42.8379 1186.53 247 234 228
-189.025 460.997 1314.21 42 36 28
-300.208 405.406 1163.76 204 200 195
386.201 86.8144 1148.67 242 242 243
496.264 274.476 1229.14 212 234 244
475.805 -62.1834 1124.01 242 233 207
507.459 -178.424 960.554 40 41 38
-273.385 221.104 1138.49 255 247 229
-416.955 174.468 1122.85 109 95 86
-276.852 180.096 1085.55 255 239 227
464.37 69.2579 1186.09 247 217 208
-244.304 212.192 1125.99 252 245 227
564.726 309.669 1361.4 217 251 252
-308.121 385.867 1143.05 223 229 221
604.473 -93.2383 1125.17 206 214 197
365.595 -198.71 1152.4 216 190 176
358.049 -9.22352 1121.24 254 250 241
-251.562 179.938 1073.4 100 53 34
523.898 -172.015 996.293 247 249 235
-285.426 162.956 1111.24 98 74 55
-324.25 283.301 1128.86 109 68 61
-165.928 61.8299 1088.05 244 228 196
-279.982 143.608 1037.25 254 248 224
-305.216 371.553 1142.67 245 237 225
-305.879 156.986 1156.82 136 106 91
-159.338 71.6955 1045.52 255 248 231
-194.77 449.47 1295.54 255 253 244
618.585 -125.311 1077.14 245 249 235
-292.939 279.709 1138.11 106 104 107
-332.16 456.476 1255.07 130 124 120
460.368 -48.0399 1080.83 241 232 223
-231.697 159.716 1032.64 144 105 78
-246.649 190.902 1075.35 94 68 61
-317.437 352.875 1152.04 229 196 182
-344.802 394.77 1148.19 176 149 141
-253.492 129.435 1069.89 140 100 81
-291.161 178.553 1136.28 100 54 42
-247.307 33.4355 1022.11 122 30 17
-302.043 407.632 1123.71 151 149 145
-274.986 271.73 1107.63 135 129 124
370.524 -29.0858 1076.63 255 253 252
390.948 52.219 1177.98 215 202 201
-229.278 335.228 1127.83 241 234 200
347.888 -46.5957 1073.01 242 239 228
659.466 -12.0431 1137.32 246 255 249
546.624 305.677 1294.25 49 84 94
-174.456 87.3595 1042.82 255 234 225
-264.233 192.815 1070.75 163 142 126
-147.851 105.173 1095.01 219 198 184
-184.761 61.2438 1180.7 255 249 236
436.941 7.34585 1140.87 245 236 210
-258.412 176.563 1026.64 151 122 104
576.171 -239.118 1193.59 91 115 110
-90.7517 298.573 1169.94 255 243 233
474.679 78.4525 1139.73 253 231 221
-118.779 209.42 1157.76 252 253 240
582.742 -116.58 1036.85 201 208 199
-265.609 30.7456 992.902 144 112 88
398.024 147.878 1157.36 187 175 150
374.101 -44.2814 1034.8 248 246 248
604 -63.5661 1129.15 234 231 207
-301.347 23.9955 1007.33 122 104 89
-166.738 231.953 1073.64 249 242 219
379.69 -2.41604 1171.05 173 146 148
-314.572 315.662 1134.81 124 113 115
-315.785 282.675 1096.28 124 102 96
-100.334 249.823 1137.22 255 246 226
-156.553 77.6633 1022.96 252 242 236
369.158 -62.9672 1073.14 252 253 255
517.37 305.813 1293.3 58 85 109
-93.1419 262.453 1109.47 255 236 219
605.322 -161.035 1034.16 111 128 105
375.355 -6.87571 1123.02 247 239 238
1344.48 -291.061 1806.24 89 86 80
-134.44 113.044 1004.68 233 207 191
654.878 -129.49 1158.65 243 253 237
-404.601 179.79 1045.68 132 118 119
-219.749 210.734 1058.59 142 133 120
-161.945 328.674 1256.58 237 231 225
464.769 -2.0967 1130.31 235 211 204
-291.62 304.772 1091.49 126 102 100
635.016 -99.1451 1124.98 236 250 229
-165.258 213.732 1051.71 95 91 87
-278.925 235.063 1138.14 144 139 131
421.592 -65.9244 1167.2 239 221 222
634.326 -107.196 1123.85 249 254 237
-153.484 247.34 1051.07 213 209 192
-147.939 350.628 1239.9 199 184 177
368.186 62.9786 1106.72 190 174 168
-145.316 253.748 1024.51 221 204 191
-171.349 151.943 1166.52 161 127 108
-257.221 22.0901 1062.63 151 82 57
-165.624 305.952 1233.32 175 167 158
-358.695 343.218 1137.28 148 123 116
-408.044 235.522 1096.98 254 253 235
501.815 -215.733 1063.22 154 181 169
-325.812 284.736 1093.32 135 131 122
-149.361 87.2243 1048.66 244 216 202
-134.839 146.397 1100.57 255 249 234
523.18 80.2974 1155.46 115 99 89
-370.683 307.08 1168.8 134 136 134
565.275 -73.1837 1009.26 213 231 208
-284.128 335.989 1111.9 210 211 192
554.76 161.347 1202.53 248 247 225
418.775 -0.048266 1174.67 210 172 153
-389.277 317.427 1163.62 139 124 122
-149.451 102.769 1049.48 255 230 209
-303.041 115.081 1072.56 163 148 145
484.835 -55.8218 1090.1 245 221 214
343.082 -28.2548 1074.37 249 245 245
-370.239 429.179 1252.59 255 246 237
468.694 -74.3816 1169.26 243 215 187
-83.1403 331.11 1228.75 228 199 182
-163.706 270.784 1150.76 122 104 87
-119.457 186.197 1095.51 230 224 215
365.235 -23.7081 1076.72 115 97 99
484.787 -195.622 1108.19 152 137 131
-393.461 236.406 1102.02 216 203 179
-145.138 110.318 1069.72 150 123 99
-332.59 311.171 1128.86 162 148 138
-361.536 139.089 1056.48 246 211 186
-199.115 72.2021 1036.09 255 238 234
-323.892 317.102 1052.54 255 235 219
352.763 -62.4599 1071.87 218 210 201
543.536 -231.63 1105.44 168 200 194
-326.292 293.724 1080.32 240 238 240
-397.211 158.103 1077.04 139 107 95
457.181 -93.9798 1008.18 105 101 89
427.954 -222.202 1148.14 138 120 108
597.382 -111.214 1041.95 215 233 209
-136.838 367.41 1218.08 166 105 84
-350.291 320.486 1137.3 240 216 195
602.676 -144.755 1068.37 222 237 221
490.513 71.9682 1152.88 197 161 160
-124.716 180.763 1093.67 253 241 228
-341.346 280.496 1135.31 107 66 53
-216.988 201.385 1163.72 174 143 125
-363.204 304.162 1083.26 157 142 137
-277.528 304.463 1144.87 166 168 166
441.044 65.6133 1091.35 205 201 193
509.978 20.7936 1145.88 214 192 192
-133.89 333.796 1135.88 116 102 89
-185.833 270.562 1248.7 227 222 208
-181.278 0.501927 1036.58 214 193 161
-328.242 269.133 1077.67 250 241 224
401.453 43.9487 1144.01 194 191 195
-428.608 184.035 1068.59 247 247 244
520.175 77.1027 1202.02 152 118 115
409.138 77.8565 1149.17 160 161 172
381.494 -208.105 1107.32 193 172 160
-350.793 324.074 1124.3 151 100 113
-242.495 25.5359 982.344 72 33 21
-173.755 142.085 1139.77 255 249 219
-389.251 153.448 1057.47 121 107 105
-178.238 97.1804 1060.72 226 168 130
545.541 68.6736 1154.4 140 123 110
-340.192 327.103 1141.5 252 243 235
383.054 -58.0505 1074.71 255 244 244
-407.705 216.839 1058 252 255 236
379.927 3.33567 1171.7 236 218 211
647.197 -88.5438 1126.63 236 249 225
432.03 21.3258 1142.65 234 212 203
-197.02 181.043 1000.54 74 41 15
-90.7292 289.798 1169.41 255 249 225
512.243 -139.742 1072.74 169 156 158
532.288 62.5074 1241.95 96 77 81
630.823 95.0339 1369.44 169 155 145
-152.797 300.657 1155.27 164 147 142
-130.076 172.396 1123.62 220 204 179
524.848 292.483 1342.42 92 129 154
-283.01 110.386 1060.73 165 145 137
-233.178 15.8538 984.21 179 135 111
-160.908 91.5511 1091.07 255 219 208
410.279 29.7921 1099 254 253 249
-328.956 262.897 1157.91 250 254 249
-93.5671 283.759 1168.38 188 160 134
329.163 -19.4052 981.948 247 238 238
350.427 -51.9551 1072.71 158 150 151
364.035 -133.383 972.925 153 141 133
-155.365 184.711 1044.89 255 246 226
-230.597 46.0077 1026.99 140 79 49
-365.256 198.17 986.717 188 189 167
657.884 -84.8318 1163.52 216 230 212
395.421 61.8616 1131.72 126 130 135
-374.505 265.559 1111.13 173 126 101
-317.89 364.092 1104.55 218 216 211
395.021 -226.784 1246.8 95 49 45
-480.026 205.625 1218.81 229 222 226
550.178 -24.7585 1096.05 230 225 210
-400.771 157.903 971.338 232 233 234
-127.027 184.937 1104.71 249 234 213
382.126 -50.7381 1118.97 229 220 228
557.486 -126.529 1080.07 143 145 142
403.447 80.7585 1149.16 208 211 222
434.652 31.1543 1131.82 253 253 255
-184.441 86.6171 999.019 237 220 212
561.564 -19.3986 1133.41 186 186 177
422.438 150.063 1115.12 199 200 172
506.051 -20.1172 1086.46 253 236 211
503.198 136.99 1210.64 253 254 250
-206.096 392.98 1140.25 215 221 185
-125.178 229.823 1262.28 176 164 151
429.055 -245.71 1294.98 113 45 46
-382.913 284.358 1090.49 253 254 243
519.425 -134.256 1078.92 96 87 80
430.624 -56.2008 1043.79 172 148 119
522.315 68.8577 1153.69 254 236 227
-80.1712 350.009 1230.67 254 239 210
-377.561 366.404 1172.67 240 237 235
-249.808 245.529 1147.58 169 159 151
-245.771 333.196 1156.62 186 192 171
474.529 94.7704 1155.45 177 161 136
591.975 -61.8123 1043.47 240 244 232
485.622 69.211 1187.66 103 88 85
402.392 -212.825 1151.8 131 114 102
-428.91 152.789 1035.1 232 225 220
527.768 116.591 1195.87 254 252 243
602.416 308.754 1396.18 132 163 165
-381.94 265.085 1108.62 135 100 79
351.246 -6.74566 1056.32 174 163 154
509.857 182.659 1440.15 190 193 171
639.029 -80.5115 1115.37 220 235 211
-451.313 175.838 1111.15 176 174 175
-245.484 21.7852 1007.7 251 204 180
-414.861 221.339 1093.25 234 239 216
553.297 57.2491 1152.81 165 154 141
597.637 77.7879 1304.11 170 144 136
496.504 144.778 1085.56 176 176 147
604.93 146.28 1215.85 242 243 213
381.894 -56.1864 1118.37 157 158 158
526.386 119.224 1208.92 168 160 138
348.442 -36.2131 1117.6 200 183 171
384.253 73.2793 1131.79 237 231 226
606.784 -137.941 1075.32 185 216 207
361.497 -215.033 1144.83 190 123 117
514.561 83.1475 1202.75 252 243 228
595.008 -135.994 1038.16 195 212 200
633.775 -26.4812 1250.83 241 237 199
687.792 57.2746 1203.46 207 224 215
603.686 -143.103 1074.62 170 198 183
417.208 122.784 1030.11 148 140 122
546.606 -43.1722 1052.54 239 241 209
-203.041 112.618 1137.92 254 221 205
438.421 -10.3045 1094.98 207 197 173
456.137 25.7099 1180.52 227 207 205
465.717 -100.299 1075.3 175 156 139
399.007 52.4243 1145.01 73 66 73
-128.381 354.964 1206.4 254 198 168
-172.912 118.284 996.047 255 235 195
363.483 -15.048 1090.21 208 188 186
-344.635 439.741 1190.71 147 147 137
-350.623 289.358 1072.46 239 237 237
-184.238 217.365 1113.92 253 251 253
-352.586 432.739 1187.49 172 172 163
464.537 -59.2521 1123.69 200 197 181
-318.398 264.773 1133.25 168 104 96
-340.138 267.076 1086.73 160 106 76
412.015 -89.13 1042.85 146 137 120
372.852 -33.7422 1048.09 126 121 123
516.189 -123.765 1130.14 164 160 157
648.366 -61.3476 1086.01 233 238 228
-350.433 459.103 1207.07 138 135 121
491.296 126.29 1160.83 244 250 249
-154.802 80.845 854.955 184 150 125
455.17 -17.75 983.472 249 221 196
499.347 -2.49059 1132.4 175 150 137
507.554 -102.205 949.583 66 56 45
504.974 18.0669 1129.28 189 159 155
