22.9109 -231.36 847.7 56 53 45
-51.7701 -299.123 1149.29 80 71 57
-264.745 -225.475 1034.82 151 152 145
659.39 -252.339 1193.86 214 248 249
649.15 -238.548 1206.74 34 43 43
-522.258 -176.809 1146.92 43 50 44
-560.632 -193.495 1480.25 105 93 75
-578.446 -187.882 1473.08 62 58 46
-579.876 -160.489 1364.85 214 219 215
-496.5 -161.305 1393.41 173 166 144
-826.092 -170.314 1531 116 105 85
-826.092 -170.314 1531 116 105 85
608.355 -105.146 1202.56 186 174 150
735.66 -109.108 1274.76 246 254 237
-75.1233 -108.99 1267.66 137 125 119
513.497 -83.7148 1189.21 74 48 35
533.948 -65.7138 1239.1 241 188 171
543.831 -65.6776 1279.34 42 13 8
499.173 -63.6969 1372.76 38 39 28
729.354 -19.8948 1267.6 210 226 209
604.983 6.76436 1220.89 250 246 217
137.268 12.5071 1114.9 171 117 108
1.00017 9.50077 1008.37 213 112 103
142.769 30.1454 1131.1 209 117 89
684.67 58.4306 1321.69 255 255 225
160.337 70.9907 1135.14 253 247 239
609.772 128.772 1277.82 102 101 87
87.055 118.919 1122.65 92 42 24
80.0096 155.167 1125.94 254 248 235
616.925 226.607 1358.96 148 178 173
45.7258 187.821 1117.44 255 252 252
-17.2362 190.92 1100.07 253 218 186
7.68928 213.157 1096.04 113 61 54
106.252 277.458 1183.95 103 96 84
75.167 277.402 1177 196 184 162
8.6453 334.928 1129.12 39 34 32
129.875 525.764 1275.67 22 38 32
26.0933 579.084 1297.04 76 94 85
-86.9306 -318.439 929.085 108 102 96
-86.9306 -318.439 929.085 108 102 96
-131.496 -259.443 904.335 158 141 130
-131.496 -259.443 904.335 158 141 130
-611.58 -240.723 1066.79 53 66 59
651.678 -265.692 1240.08 172 212 215
-583.376 -273.904 1338.81 183 199 192
555.21 -275.306 1345.35 90 80 84
555.21 -275.306 1345.35 90 80 84
582.328 -252.315 1255.34 77 58 45
606.85 -221.364 1199.79 165 164 150
652.612 -188.643 1260.93 104 91 75
690.876 -158.83 1206.5 222 233 223
-525.197 -162.142 1263.98 56 62 59
-6199.74 -794.818 8369.85 113 129 121
732.925 -98.8187 1257.94 126 141 122
591.723 -94.5687 1257.67 165 158 140
574.573 -66.1724 1207.09 128 92 71
574.573 -66.1724 1207.09 128 92 71
545.514 -53.3937 1221.26 95 71 57
560.342 -44.7812 1261.98 228 220 215
560.342 -44.7812 1261.98 228 220 215
36.9265 -45.9034 1043.15 254 243 238
551.399 -19.0778 1275.35 33 14 7
634.006 -10.0534 1268.77 252 242 237
29.5668 9.69071 1069.04 215 122 98
143.822 16.376 1099.24 255 245 231
-29.0977 23.7607 1047.56 154 110 118
659.402 45.5679 1244.09 255 255 237
576.622 63.2332 1282.01 23 15 6
-56.5105 40.8759 1026.99 248 245 236
610.368 138.356 1308.53 97 94 78
691.761 154.895 1364.37 231 255 255
574.224 175.003 1492.32 48 53 63
563.138 186.984 1422.66 25 48 51
-71.8476 131.715 1040.1 80 61 53
625.908 187.315 1363.75 203 235 254
66.4259 163.142 1122.16 251 254 248
107.557 171.49 1168.71 251 254 243
181.908 184.942 1193.39 211 162 135
57.8467 193.97 1135.99 224 179 174
-25.5432 231.757 1106.23 104 40 20
-12.238 236.538 1110.11 254 253 245
17.8645 243.743 1116.57 251 252 252
-39.7553 245.424 1099.56 249 251 245
94.6706 264.469 1150.62 252 255 244
59.0342 272.345 1167.93 199 156 142
67.4786 316.12 1174.03 157 173 136
4.96448 356.257 1150.67 255 247 235
26.2951 411.311 1183 237 230 216
170.415 486.828 1269.92 35 45 35
-60.2736 -358.578 1169.29 165 153 143
-505.503 -405.873 1469.82 149 150 141
-40.2141 -271.934 1058.5 153 152 144
-281.109 -244.675 1183.84 150 151 145
709.952 -224.936 1206.24 210 218 200
-647.457 -213.336 1389.41 49 49 44
533.927 -154.249 1184.44 121 125 104
670.42 -118.432 1206.64 251 255 225
576.403 -87.7449 1271.28 254 237 239
611.402 -57.4073 1211.04 243 237 227
65.6065 -46.0811 1068.28 187 133 103
588.836 -29.4226 1262.25 122 112 115
-57.6206 -23.4498 1131.8 149 106 87
615.698 -9.66419 1257.15 111 91 85
-49.9218 -13.0121 1064.4 224 199 178
4.17037 12.0584 1060.24 217 116 107
634.722 32.5953 1279.11 254 253 248
-41.5916 57.0604 1059.54 214 232 235
695.552 101.667 1338.65 137 125 102
184.249 123.743 1155.3 229 168 124
101.317 126.446 1134.61 255 246 229
557.119 166.689 1376.66 129 151 145
680.443 229.937 1380.96 232 255 252
641.946 232.411 1319.63 229 253 254
222.044 260.053 1230.19 199 159 141
-46.6939 229.353 1089.62 235 235 231
-22.2605 326.993 1132.92 246 239 239
-17.7949 365.645 1182.4 241 228 218
-436.256 -313.516 1171.12 152 156 150
-412.531 -256.398 1148.78 144 147 137
-335.842 -228.291 1167.84 134 136 131
720.135 -129.704 1240.7 248 252 240
658.15 -101.147 1205.12 174 174 140
645.078 -90.2599 1212.23 255 254 239
587.827 -49.6702 1225 254 254 247
96.7059 -39.8348 1085.06 86 33 20
575.367 -11.9971 1254.7 253 252 250
49.2264 -14.1872 1072.85 254 212 189
644.688 49.1684 1244.83 255 253 249
636.237 118.505 1300.93 115 99 85
133.595 176.124 1178.37 197 161 136
133.595 176.124 1178.37 197 161 136
65.275 169.778 1131.77 255 247 244
657.089 250.159 1421.5 216 236 234
514.033 261.895 1301.17 58 61 62
156.104 343.083 1213.02 164 155 119
86.5129 345.864 1060.12 252 251 247
-396.564 -329.324 1141.65 87 76 68
19.6495 -249.465 911.169 87 82 75
190.495 -475.313 1834.78 62 41 21
642.812 -253.286 1216.27 159 193 192
-488.723 -217.911 1168.54 115 132 122
-682.28 -205.215 1127.54 67 68 63
476.679 -206.818 1237.11 20 22 19
537.926 -121.53 1216.84 31 14 9
606.565 -111.933 1224.34 110 94 78
606.565 -111.933 1224.34 110 94 78
606.565 -111.933 1224.34 110 94 78
698.922 76.1798 1290.55 129 118 95
698.922 76.1798 1290.55 129 118 95
71.4567 78.0364 1114.37 131 77 57
71.4567 78.0364 1114.37 131 77 57
157.653 81.9936 1147.67 233 214 204
-38.38 84.5487 1044.14 253 254 253
-38.38 84.5487 1044.14 253 254 253
-27.0744 227.101 1107.81 158 65 48
-33.3973 248.445 1106.51 240 240 234
-24.4346 282.796 1117.24 253 252 253
31.3296 385.617 1173.25 78 78 80
-6.9114 404.305 1176.01 101 81 79
-401.466 -285.96 1029.26 84 82 62
2.48969 -282.551 1115.77 82 81 76
-200.345 -186.582 875.402 135 137 132
-762.037 -216.063 1230.38 132 147 138
-1067.97 -346.87 2012.57 79 75 64
94.7293 -87.2333 1087.66 71 94 109
600.201 -74.7056 1275.09 160 119 99
10.8523 15.6375 1050.12 255 172 140
-12.0703 19.6226 1041.19 255 250 248
-72.2442 63.254 1042.68 244 245 239
32.4606 106.044 1087.27 241 217 193
79.2002 109.597 1112.41 143 93 63
79.2002 109.597 1112.41 143 93 63
18.9116 196.365 1124.97 253 237 217
21.182 219.731 1114.54 157 121 106
21.182 219.731 1114.54 157 121 106
347.28 -332.445 1243.83 41 38 29
-405.619 -295.428 1125.75 133 144 138
-405.619 -295.428 1125.75 133 144 138
-405.619 -295.428 1125.75 133 144 138
-747.996 -212.815 1203.71 133 147 139
-624.179 -197.14 1217.7 115 131 125
6.25731 63.5633 1063.46 210 116 95
196.277 166.169 1193.31 245 244 233
48.5472 241.051 1140.03 253 254 252
-1.13853 370.744 1151.73 253 238 231
34.2685 -253.471 861.133 122 126 118
589.955 -219.032 1216.15 85 79 74
137.97 -70.6214 1113.81 229 189 158
-97.4189 38.8648 1076.6 84 50 40
35.8136 43.5949 1080.74 254 255 251
35.8136 43.5949 1080.74 254 255 251
-81.0998 152.095 1097.49 116 94 79
80.9665 330.803 1205.34 172 191 146
-513.972 -244.442 1675.88 157 137 118
-513.972 -244.442 1675.88 157 137 118
-569.385 -135.188 1250.56 80 66 47
568.349 -48.8365 1370.41 55 47 37
694.406 -2.1566 1279.31 254 253 255
694.406 -2.1566 1279.31 254 253 255
538.794 140.591 1518.23 161 156 144
-28.3005 -284.697 982.347 139 139 134
392.731 -170.111 1234.51 55 49 42
503.672 46.9696 1484.85 60 54 45
653.361 167.113 1335.74 224 251 238
519.522 -168.479 1240.8 50 44 40
30.2486 -77.2341 1098.88 63 94 107
166.302 125.375 1193.41 210 174 142
66.6638 7.21904 1089.35 216 172 162
662.829 -44.4773 1256.45 139 122 117
-661.01 -125.577 1261.72 76 64 52
85.3967 120.019 1135.6 152 90 71
85.3967 120.019 1135.6 152 90 71
