-545.04 -224.247 1132.78 99 95 71
166.464 -146.865 989.728 8 5 3
161.964 -138.936 1013.54 17 31 29
-450.817 -99.6163 1276.45 105 100 86
-472.002 -62.4785 1187.85 171 154 135
-415.753 4.70807 1281.77 161 121 108
-5.3378 4.1331 886.649 250 255 249
-496.834 16.1839 1099.18 101 93 87
-449.422 18.61 1259.34 121 104 96
-440.285 18.6314 1290.46 7 8 4
-499.036 21.6162 1087.66 21 10 5
-411.469 33.689 1340.52 201 208 204
-489.85 35.0093 1064.82 152 137 120
-41.0083 34.9825 888.638 235 228 227
-493.3 48.3494 1105.48 23 12 11
89.0298 40.9685 891.539 137 126 113
89.0298 40.9685 891.539 137 126 113
-477.76 74.2349 1099.82 32 15 11
-502.583 83.3483 1109.95 253 235 220
-478.049 87.8384 1098.73 170 145 123
-467.078 87.4333 1090.31 31 19 1
-478.734 102.897 1134.33 23 24 3
-389.313 132.753 1344.66 175 140 127
-64.5209 96.6014 957.243 112 109 104
-393.017 131.059 1271.73 11 6 3
-65.8068 121.737 982.737 234 239 205
51.3528 107.585 836.814 248 253 242
-419.603 161.817 1240.89 203 182 165
-451.831 151.915 1150.47 176 176 171
-446.17 150.062 1114.73 34 16 11
-599.473 172.684 1205.12 217 219 220
-341.295 170.427 859.824 252 245 233
-456.803 243.832 1187.84 255 251 239
106.781 210.173 978.592 165 177 153
253.585 247.133 1145.6 163 150 130
-106.906 255.277 1082.89 62 66 60
101.116 241.496 987.092 138 152 138
23.3303 274.54 1030.81 174 177 140
130.812 267.226 997.722 95 88 85
-555.726 455.7 1434.81 251 252 249
-374.4 464.215 1382.53 108 155 144
236.066 413.682 1185.63 108 125 128
193.655 426.46 1131.17 195 228 225
141.758 468.693 1167.14 240 255 255
-66.615 -84.324 1014.25 34 20 25
-516.308 -62.2385 1189.81 162 150 140
-516.308 -62.2385 1189.81 162 150 140
-45.6388 -47.7557 932.186 52 98 80
-491.527 -63.6106 1274.19 110 102 79
-491.527 -63.6106 1274.19 110 102 79
-9.04617 -19.662 870.272 80 73 64
-9.04617 -19.662 870.272 80 73 64
-511.01 21.5521 1070.77 122 85 45
-570.246 30.7274 1149.65 255 239 220
-570.246 30.7274 1149.65 255 239 220
-1170.31 51.7596 1587.25 230 234 225
-411.469 45.4508 1350.7 29 34 32
-109.288 34.0781 934.764 120 110 91
-559.735 48.0854 1146.24 254 248 232
-877.018 66.2219 1134.34 137 155 147
-166.873 58.7165 978.747 123 118 114
-135.086 73.3665 999.987 254 254 244
-488.199 101.119 1179.57 107 112 101
-591.782 116.417 1250.74 200 184 166
-136.551 113.565 1010.76 144 112 89
-136.551 113.565 1010.76 144 112 89
-431.957 147.46 1251.15 171 148 135
-75.2732 123.264 989.261 154 148 122
-426.474 164.524 1268.7 214 187 172
-84.6231 155.49 1006.44 241 236 235
-364.326 238.463 1319 150 135 122
-62.847 191.555 1013.74 122 97 88
88.2526 185.529 953.919 251 255 248
95.7073 221.115 931.792 249 255 245
95.7073 221.115 931.792 249 255 245
34.8857 276.579 1014.69 196 197 159
-63.0257 279.048 1001.37 105 101 86
-456.726 363.521 1154.84 249 252 247
-362.959 459.059 1425.83 109 133 125
201.042 453.742 1155.14 182 198 222
91.0598 -144.89 1020.7 55 88 77
-136.693 -34.2661 961.435 23 25 20
-710.868 -29.2323 1201.45 246 245 231
-191.087 -14.2665 962.336 59 53 48
-191.087 -14.2665 962.336 59 53 48
79.3666 -6.28592 888.301 54 48 39
-496.403 4.93364 1132.7 178 174 161
-533.619 7.95806 1106.6 133 83 42
-767.565 10.9086 1312.43 254 249 239
-484.939 9.51183 1141.63 49 41 37
-154.066 53.7088 956.875 254 253 252
42.7304 57.5477 901.662 133 152 139
42.7304 57.5477 901.662 133 152 139
-478.585 101.729 1196.94 35 29 22
-137.122 88.9817 972.418 122 100 87
-156 101.816 1018.5 254 254 250
-99.8728 105.657 983.404 221 210 183
-341.774 146.003 1331.63 65 51 42
6.72806 114.359 947.39 228 223 183
-94.558 135.001 992.858 165 113 93
129.771 131.131 957.374 166 136 112
99.0235 132.151 917.734 28 23 13
-473.707 184.832 1176.26 157 133 120
-581.378 239.122 1170.98 255 253 251
-39.249 233.254 1025.82 204 199 146
25.9748 279.594 1012.57 255 254 243
-67.6742 317.1 1093.48 163 159 139
162.682 558.571 1293.76 195 203 197
162.682 558.571 1293.76 195 203 197
-62.0833 -67.2301 1032.03 94 85 83
-393.689 31.5158 1331.4 13 16 9
-147.735 30.5058 960.533 146 145 126
-138.318 90.3364 991.476 126 107 94
62.4894 120.762 925.269 252 253 255
-29.363 150.9 994.876 250 255 250
-623.031 208.232 1238.11 211 182 172
-126.961 178.799 1051.3 250 251 252
-53.0424 172.102 974.565 243 234 220
-48.1916 245.153 1032.96 253 251 255
-48.1916 245.153 1032.96 253 251 255
7.79036 325.201 1056.7 159 141 117
-168.719 42.0492 982.081 98 87 84
-678.266 51.4427 1156.85 253 255 254
-678.266 51.4427 1156.85 253 255 254
16.2996 135.049 951.956 203 196 160
89.4716 139.194 914.543 182 189 182
-113.695 156.767 1002.26 154 129 136
126.251 148.765 951.275 165 133 113
-512.294 202.391 1154.11 252 251 254
2.89395 291.643 1088.72 255 255 249
-430.989 409.42 1374.13 82 98 94
128.085 389.931 1143.24 233 248 247
132.522 428.854 1144.79 221 243 240
132.522 428.854 1144.79 221 243 240
-593.562 -302.466 1661.7 63 54 43
23.5415 -85.5333 953.15 211 179 161
-81.009 -25.7394 924.677 69 54 50
-425.914 20.5553 1266.12 41 34 26
66.3437 15.7793 865.035 55 49 44
-418.258 32.0456 1332.95 170 177 176
-503.923 204.305 1293.48 109 76 70
2.90849 172.853 940.249 252 255 255
-112.028 205.085 1076.42 106 99 98
-493.436 -72.2105 1183.82 50 48 37
-657.684 12.948 1097.42 247 250 248
-52.468 35.8751 905.015 217 213 193
236.21 108.63 1116.36 100 66 58
-461.44 164.986 1097.35 251 251 241
-479.27 -38.7332 1191.82 151 150 137
-479.27 -38.7332 1191.82 151 150 137
-457.668 6.488 1268.47 188 161 144
-457.668 6.488 1268.47 188 161 144
-425.473 213.872 1277.39 68 56 49
-28.2287 178.191 968.746 159 134 121
156.66 468.169 1127.74 216 243 245
116.917 -133.29 1017.14 113 180 178
-458.884 -112.119 1280.95 45 41 35
-26.8272 6.20553 900.664 118 111 109
55.2966 76.2023 872.196 159 184 143
-370.099 184.263 1385.59 52 47 43
71.5339 377.797 1051.48 245 255 249
-518.072 -20.8065 1113.04 64 50 43
33.3437 10.255 857.26 157 190 142
210.376 63.1573 1103.72 76 57 46
151.155 383.623 1089.13 193 220 220
-598.812 18.8947 1115.17 240 222 223
-489.809 150.493 1058.71 213 199 176
-391.067 324.262 1333.82 56 58 54
