10.5477 43.1094 1099.86 104 61 46
4.40779 46.186 1077.79 193 148 136
572.782 -30.4634 1342 87 86 85
-13.7372 -16.493 1028.33 234 211 197
757.48 292.074 1540.92 40 58 56
1.7468 49.5607 1035.28 59 4 7
-18.8304 -13.9459 1027.58 38 21 10
-77.8439 209.799 1071.51 254 236 201
-7.01522 359.167 1167.26 248 241 227
48.0962 141.049 1092.07 85 52 27
55.3759 -17.4953 1082.04 54 0 0
-5.36644 -14.8732 1008.18 255 252 236
97.574 125.809 1099.53 74 41 13
593.062 -37.1992 1410.57 220 215 210
-60.9915 329.121 1039.65 249 253 246
663.488 233.058 1527.24 46 77 104
-15.366 353.047 1190.41 68 38 33
23.4767 113.487 1085.82 67 33 16
125 191.479 1206.7 86 57 45
34.2888 102.879 1087.08 242 217 194
726.137 -42.7088 1482.97 245 213 212
-6.56946 375.112 1120.5 238 236 230
614.631 8.19345 1419.63 230 229 232
39.7516 108.321 1088.42 146 92 64
45.3346 135.535 1091.22 245 231 205
768.161 249.894 1706.47 222 251 253
30.5523 142.088 1003.3 213 201 186
-1.29477 -18.2722 937.562 56 31 17
-14.5908 369.03 1139.95 200 196 193
-20.2231 382.914 1139.45 58 38 38
-47.957 372.301 1111.57 173 156 139
-28.9337 231.426 1021.22 255 243 238
-23.139 263.429 1132.52 231 219 202
59.1786 163.078 1095.45 254 241 232
33.1966 150.781 1046.95 93 74 54
-46.1942 321.596 1083.86 63 57 50
40.3413 -6.41372 1038.24 255 249 238
-77.9427 263.4 1074.3 118 127 118
-15.2527 375.878 1094.41 250 250 242
24.4751 138.01 1133.88 250 226 211
168.675 400.566 1328.6 58 50 38
50.0345 -4.10436 1082.17 98 34 21
-0.441443 -28.5111 1049.48 187 173 164
58.5684 130.291 1139.65 123 72 52
70.3613 181.719 1145.45 108 100 87
-34.5604 401.271 1216.4 249 254 241
-114.591 63.6792 974.73 235 234 217
-98.5962 163.792 1064.48 54 39 37
618.379 -7.23932 1346.94 255 248 238
9.97377 308.572 1119.09 244 247 227
-12.8402 335.259 1164.14 225 200 185
-107.512 73.4402 976.667 85 70 69
10.6327 81.2167 1101.82 86 80 77
-20.0317 404.751 1157.9 236 234 227
-11.9162 255.457 1134.35 123 84 69
652.785 -51.972 1345.76 215 204 205
-10.4616 324.593 1062.98 214 192 178
-20.425 388.278 1118.49 74 72 68
124.303 25.5003 1096.26 247 240 220
33.7216 -10.4965 1056.43 112 57 53
35.8771 152.38 1137.05 54 27 18
111.961 19.8634 1008.29 255 253 236
618.632 -112.705 1397.83 230 237 236
46.105 89.0223 1064.34 135 87 65
556.888 -77.8136 1278.56 252 251 241
682.933 224.418 1532.52 175 215 232
90.3485 153.705 1147.01 149 118 94
-39.0243 338.582 1025.68 81 36 29
11.6837 99.0328 1059.18 245 219 208
-56.3319 268.658 1058.7 252 250 254
15.3168 241.443 1114.9 134 127 127
-111.777 81.2065 1014.97 131 100 93
40.9661 120.684 1066.18 240 211 185
124.397 33.6453 1096.92 255 250 220
564.795 -35.4344 1285.28 255 248 245
-19.6112 281.192 1067.11 134 132 126
-124.177 115.686 1056.06 220 190 189
-109.577 156.99 1019.47 231 224 226
633.553 -137.707 1389.31 227 220 217
-74.0048 69.0643 983.128 126 113 110
628.73 170.717 1446.76 68 68 57
-6.1552 400.496 1077.31 247 248 242
-6.32128 233.005 1134.14 215 193 187
-62.1122 245.809 1033.71 100 58 45
-66.7308 273.413 1056.82 136 152 148
-9.30334 403.199 1121.78 78 62 53
-93.5427 214.546 1068.39 255 252 241
-41.9931 412.229 1065.84 213 203 192
12.5409 72.9854 1081.11 155 149 142
-94.4483 81.4596 1018.61 90 88 65
620.38 -75.0175 1340.81 235 222 198
-93.1749 59.1063 978.841 94 91 74
37.3191 176.078 1092.33 255 237 225
522.909 -274.853 1590.75 197 196 190
-18.4816 443.949 1171.05 168 175 168
-74.946 74.5395 1064.15 72 59 42
60.9098 -1.45192 1084.17 255 237 201
110.318 423.975 1248.16 114 126 137
555.292 -69.9518 1278.4 122 118 109
659.205 236.66 1698.35 32 48 46
23.4156 131.24 986.446 228 205 193
-119.375 78.1178 974.456 255 187 171
615.259 -55.3585 1344 254 238 225
708.036 -7.86491 1465.19 255 234 223
0.981461 443.212 1196.53 63 62 60
15.6548 166.749 1002.99 72 39 30
-126.57 91.059 1012.34 248 218 203
-28.6842 359.574 1136.56 102 101 93
34.4314 166.893 1112.13 209 175 157
54.6573 160.143 1163.23 145 118 103
49.1354 290.87 1125.3 128 134 105
118.983 45.5733 1159.98 248 229 204
666.516 -12.2303 1353.03 142 95 85
441.75 -237.745 1367.1 58 61 49
-82.9446 148.299 1066.94 92 61 46
-64.4387 81.9704 1024.72 253 249 246
-126.548 86.0379 1012.08 166 87 59
702.731 228.341 1613.66 21 77 85
115.3 202.676 1176.52 243 221 195
-134.411 120.757 1054.07 51 26 13
-56.3422 344.485 1181 169 151 155
772.733 -166.567 1388.7 215 233 208
-131.082 61.1871 971.204 188 126 110
547.105 -58.3831 1340.43 184 152 143
-59.7278 106.148 1137.61 187 86 82
-47.9739 400.381 1113.39 151 136 122
693.607 306.418 1615.58 159 194 217
110.738 426.915 1324.35 121 103 81
793.963 -149.925 1459.82 235 234 210
-40.8516 267.904 1082.3 252 233 235
-53.8225 370.136 1065.73 192 186 184
40.1268 189.336 1115.16 125 107 84
844.656 307.558 1711.51 100 119 128
753.022 286.224 1626.85 118 143 147
-20.3243 274.9 1133.76 255 251 250
141.712 71.9881 1149.04 233 226 191
591.195 -15.563 1349.65 232 217 226
-89.6732 66.3679 961.383 200 190 181
-19.4369 239.092 1085.12 197 141 126
498.365 -230.287 1252.53 219 179 167
584.52 -101.004 1335.08 146 141 140
100.744 29.3189 1138.9 255 236 236
60.6353 399.151 1184.06 122 99 79
141.822 80.5653 1149.77 255 248 221
-133.385 51.5424 970.25 219 137 113
-81.2152 144.525 1058.42 154 111 99
-120.822 164.645 1078.72 89 84 81
470.902 96.4268 1557.46 65 60 48
54.1864 200.975 1118.74 126 107 100
50.905 315.699 1150.14 252 253 221
-106.672 36.1348 1013.57 239 188 184
-24.8993 270.237 1065.29 148 138 137
-30.2278 88.7324 1094.28 255 235 220
496.199 -287.155 1427.44 183 180 175
23.3321 73.0996 1083.08 194 167 156
629.184 -91.2126 1467.67 246 243 234
621.732 79.6756 1416.09 122 120 109
-133.352 44.3416 969.908 223 173 144
167.601 165.402 1211.7 255 241 231
-3.71752 276.67 1069.94 213 160 153
96.8559 44.4563 1093.47 249 234 230
-66.7507 283.994 1057.52 185 156 155
100.994 39.8009 1040.24 151 125 95
64.89 165.471 1130.73 139 108 99
517.579 -70.0802 1225.94 128 83 76
-56.5719 29.9977 1065.02 255 233 203
-32.6425 322.438 1014.76 242 245 236
671.088 213.261 1456.71 107 143 147
-47.0461 61.6297 1045.07 253 237 238
624.8 -11.9467 1316.1 129 101 83
-46.1207 109.401 1072.2 241 196 187
-48.2852 400.886 1134.38 232 219 207
-18.7799 265.219 1025.35 252 254 244
630.224 197.036 1524.75 60 90 87
702.866 183.984 1592.31 176 174 161
835.273 -49.6958 1481.02 232 250 234
619.692 34.7368 1299.59 255 253 222
-79.0023 262.182 1012.95 56 54 46
571.143 70.2618 1306.07 182 181 167
567.146 49.9834 1209.24 137 133 107
-80.3041 58.7506 1038.33 139 71 81
-75.208 53.6681 1039.14 158 144 142
-102.511 200.289 1084.16 255 247 231
69.0961 1.22974 1085.72 154 78 45
-54.1636 267.249 1079.52 184 168 173
82.5123 387.106 1111.34 27 33 47
-101.84 66.2709 1016.24 170 154 131
514.117 -77.3416 1221.71 116 72 64
748.981 -142.136 1368.03 89 95 75
595.83 -2.34146 1416.87 146 122 117
-27.6179 -38.1237 1066.01 126 142 140
484.603 -218.637 1372.98 47 47 46
106.78 76.0922 1045.15 255 248 233
-41.3179 244.943 998.909 167 156 155
-114.983 179.873 1107.16 172 160 142
128.054 148.889 1153.03 244 238 204
-107.345 -81.2609 1223.53 41 43 38
19.3951 325.433 1144.57 207 203 182
690.227 304.179 1544.08 124 161 170
710.183 320.841 1608.31 116 145 155
152.302 91.4325 1220.06 255 241 219
670.676 -82.0191 1404.97 244 230 217
139.842 351.397 1165.23 183 173 160
95.5397 296.824 1182.1 255 244 231
26.5484 264.39 1118.91 172 161 157
138.828 355.143 1168.15 255 253 246
-12.6799 441.446 1172.13 64 69 63
-71.8356 223.516 990.889 208 175 156
-55.8595 316.27 1039.71 242 231 233
714.811 -4.23553 1486.19 244 218 204
785.647 13.5694 1639.66 240 234 214
12.814 325.619 1120.91 192 187 162
-88.2323 177.388 1067.49 214 192 159
-6.42042 407.43 1195.3 33 38 29
56.5683 292.923 1149.95 240 242 224
-48.8452 24.7009 1002.86 120 57 33
612.808 -49.8754 1213.44 141 127 118
-77.8845 231.243 1072.65 145 106 77
580.851 -264.07 1435.19 168 149 139
699.844 -46.341 1481.83 216 196 205
-86.0759 90.7211 981.838 174 189 191
-109.033 187.309 1063.52 105 84 74
117.544 14.7955 1219.41 255 247 218
640.409 177.828 1522.13 190 202 196
-28.9882 16.4002 1027.63 208 130 101
71.4782 385.996 1157.61 128 107 92
-43.4832 128.115 1073.88 243 206 167
-42.6915 321.786 1131.68 249 188 172
99.3059 12.0843 1091.35 189 152 118
642.192 59.6522 1361.41 223 226 204
-119.633 133.008 1048.81 251 229 212
-51.5187 291.591 1081.3 255 247 247
670.638 6.37309 1408.34 185 164 150
96.607 17.4571 1091.36 255 243 224
-38.9387 19.8337 1004.34 139 60 36
508.881 180.688 1331.98 43 62 62
-79.694 178.288 1026.82 183 144 118
-119.365 131.432 1016.05 192 161 157
-83.1632 247.046 1072.35 138 135 121
65.8974 -65.3855 1080 98 71 47
75.5118 37.4219 1172.72 242 209 188
-49.3945 40.5957 967.411 169 99 83
-36.9283 21.2209 1085.49 255 191 164
711.752 -92.2474 1403.63 193 156 145
-107.799 265.344 1164.29 211 207 202
-44.1995 23.9307 1025.25 246 177 153
699.067 -81.0827 1451.27 156 125 113
6.97739 3.79161 1075.27 207 154 127
