133.533 -51.2985 1576 231 220 205
-56.573 26.6126 1186.26 255 246 223
115.07 41.9958 1505.26 248 232 228
-45.4429 459.107 1136.24 65 68 68
-4.73877 155.839 792.634 38 39 40
-14.082 481.996 1282.61 66 61 62
-59.3036 293.386 1125.89 255 236 227
-62.3873 14.8917 1184.29 222 192 183
-107.176 197.959 1021.8 32 20 17
159.731 265.481 1825.37 110 108 96
94.2201 390.274 1729.61 46 66 79
142.385 40.938 1680.32 119 85 75
-74.2391 408.148 1083.29 228 201 179
-53.8237 424.163 1133.12 255 247 249
-148.69 133.254 1009.68 188 164 157
10.4941 218.628 1262.21 23 44 34
-44.5192 -9.76524 1158.17 49 29 9
-31.5076 224.308 1127.95 128 127 114
-33.017 202.124 1176.38 123 104 94
-35.7876 33.6781 1131.74 166 92 76
113.113 430.08 1957.98 205 227 240
-77.7364 337.441 1101.83 142 113 109
132.605 -21.1559 1665.75 224 204 203
-230.778 523.043 1231.11 164 162 159
-66.9469 461.802 1066.66 219 215 208
-75.8208 361.851 999.76 178 160 149
34.0661 -118.757 1623.39 43 40 38
-84.8751 421.036 1081.88 163 151 136
114.93 333.867 1829.26 76 98 104
-75.309 474.938 1110.59 88 67 53
-92.2669 219.007 1025.92 80 77 76
140.112 78.3901 1600.33 233 229 217
-101.894 96.5912 1017.98 178 103 88
-99.3991 91.589 1018.25 161 79 56
-77.0592 291.778 1055.27 138 133 122
-83.2633 389.97 1103.96 208 201 195
-156.99 113.343 968.208 174 158 152
-53.8111 390.027 1131.69 237 238 236
-74.5114 442.245 1200.93 120 83 71
-62.1638 403.584 1130.49 115 106 101
153.213 91.1421 1899.37 87 71 61
-98.5067 150.957 1063.61 255 244 230
-58.8172 369.509 1108.08 254 244 226
-59.3294 324.443 1127.46 119 110 108
-17.5712 5.21647 1274.21 130 109 95
-67.0982 450.304 1111.08 237 224 213
-139.578 275.212 1018.18 163 155 136
112.551 28.2988 1671.7 202 160 139
-33.0244 178.655 1174.77 254 222 204
-89.7052 193.558 1025.28 255 246 253
-44.6589 364.175 1183.66 222 218 195
-226.27 478.497 1142.56 171 154 143
110.878 314.095 1806.65 69 93 99
-106.725 111.377 1169.31 98 98 90
-88.4611 105.225 982.188 123 100 86
-24.2683 220.128 1179.45 125 109 101
-176.334 443.15 1019.35 179 181 174
114.038 297.409 1711.64 199 220 249
-52.3021 360.345 1057.31 233 220 205
14.0653 318.091 1273.64 106 100 97
138.246 -31.3435 1660.67 163 141 135
157.205 105.799 1868.97 68 47 36
-205.772 79.5912 993.963 164 147 141
-67.01 35.4222 1063.5 214 190 173
-66.7216 303.046 1058.19 146 141 142
-77.0443 307.744 1117.5 144 114 100
133.013 341.594 1936.32 163 186 201
-102.688 66.1328 977.513 147 119 89
-33.0262 172.8 1174.36 154 120 100
-30.0941 204.961 1209.83 245 235 223
-55.8442 441.965 1161.39 228 210 206
-88.9633 106.323 970.448 237 204 183
-222.865 259.419 1061.31 43 21 11
-108.219 200.375 1002.67 205 180 164
-118.27 302.172 1132.87 226 220 213
-78.5581 182.762 1088.31 141 92 65
-101.821 73.9083 1016.83 242 220 200
-59.0685 291.559 1018.38 242 231 234
-140.825 306.111 1041.85 144 139 131
-80.4105 328.918 1100.67 247 248 248
1.56452 167.078 1165.15 83 75 62
-64.1856 383.886 1022.09 191 160 143
-79.8594 309.644 1032.35 112 111 114
122.859 306.573 1715.51 93 110 109
-134.731 197.225 1058.03 89 43 27
-44.5424 426.634 1065.58 253 249 251
-9.90927 106.138 1258.61 181 164 153
-138.375 128.29 972.887 192 174 171
-99.5066 127.032 1020.02 208 153 145
-101.349 233.224 1067.29 236 201 178
-117.136 210.237 1020.23 164 128 113
125.603 284.458 1722.67 133 162 161
-48.1998 268.62 1126.94 142 121 117
31.2169 18.9588 517.949 122 95 97
-109.569 169.884 1019.97 208 179 167
102.41 4.4208 1429.48 90 46 38
-335.659 76.0579 1043.8 53 43 33
-9.17058 113.257 1303.67 251 236 223
-91.0959 308.672 1073.12 151 153 144
-64.3966 79.5681 1024.71 255 245 233
-79.4649 89.4448 1022.22 254 250 229
-99.6175 165.135 1021.86 143 121 122
-69.0175 292.306 982.954 254 251 249
117.203 93.8812 1776.99 161 139 131
82.4661 309.106 1816.8 108 136 135
-76.4321 418.629 1042.04 36 21 11
-240.934 110.356 1027.87 63 23 12
103.416 62.291 1420.88 119 101 103
-83.8274 239.279 1010.22 255 246 224
-69.4714 109.969 1025.31 251 254 233
-95.602 36.2798 1126.28 166 155 138
194.3 102.948 2037.46 136 122 109
-85.4466 506.566 1181.24 180 159 137
-50.792 144.758 1194.18 216 179 163
-69.541 155.899 1027.63 114 79 79
-238.653 300.031 1156.34 75 24 10
-64.4954 98.8382 1067.83 249 245 234
-79.5179 114.822 1023.53 177 166 169
-70.5061 137.049 1088.2 255 247 226
-76.9378 241.51 1052.06 232 199 175
-35.9197 216.706 1176.74 216 185 177
169.38 100.037 1697.45 235 230 211
-74.4946 109.85 1024.29 251 251 252
-55.9519 309.411 1233.13 198 176 163
-77.9582 438.066 1107.99 106 94 91
134.846 -110.42 1647.63 55 59 48
-117.366 161.35 1037.8 98 50 45
-66.4831 475.474 1135.03 172 152 139
-72.3172 82.8269 1065.27 251 252 242
-87.2586 285.153 1004.83 199 207 197
-93.4065 220.137 1164.16 165 122 100
-45.3502 75.8759 1115.68 255 240 222
-30.0868 246.418 1179.93 202 181 171
112.541 -98.7389 1390.7 75 71 54
-162.474 336.959 1104.61 131 117 105
-145.561 329.13 1061.91 129 110 101
-71.0726 121.29 1103.44 245 238 228
-167.69 90.6654 1021.1 112 89 73
112.617 -112.406 1560.83 67 54 40
-205.331 230.779 945.316 41 7 2
-111.995 25.0936 1122.07 102 77 61
-74.7089 130.741 973.579 225 188 184
195.24 -187.445 1919.19 156 165 161
-45.1605 85.8288 1214.28 241 186 168
10.2455 275.029 1124.85 66 80 77
-87.8884 69.0541 1037.38 229 196 178
203.016 160.607 1811.43 248 249 224
-103.352 147.953 896.846 130 82 68
-55.4542 117.195 1022.12 247 251 252
