-103.575 157.85 770.636 255 255 242
-18.783 262.862 838.176 233 232 218
-309.228 0.485263 1337.05 255 249 243
-10.8049 311.216 868.977 247 245 236
-176.234 93.7371 862.658 230 225 216
-86.6802 11.9968 1062.52 253 250 248
20.9817 262.745 844.405 254 246 237
-329.96 34.4412 1445.01 64 46 37
63.5594 326.382 880.807 188 172 171
-60.3325 -4.68149 973.404 56 56 51
-75.6389 1.52492 1081 66 79 79
-6.09769 245.742 846.934 192 188 180
-45.3161 -14.8917 1015.38 226 220 213
-99.7677 195.487 803.965 192 201 199
-300.272 41.2155 1271.52 194 189 184
-74.5736 1.36691 996.482 247 249 252
-98.9051 20.961 992.443 241 241 233
-11.4084 17.7457 953.996 31 41 33
97.0013 23.4697 865.522 181 196 189
-388.007 0.511068 1311.29 235 220 206
-0.0825539 280.317 900.737 62 61 65
13.0347 314.782 872.872 197 179 180
-37.7966 -2.37233 1017.12 122 69 52
11.8469 -1.12399 973.826 223 224 212
36.3376 16.0863 929.347 232 250 245
-302.459 27.8062 1304.59 220 191 179
-378.993 11.509 1278.23 190 193 185
25.2471 4.56727 917.2 239 243 235
-9.23083 11.7503 946.09 224 223 220
24.822 247.18 823.865 209 194 191
32.5882 12.8333 942.029 104 97 98
-65.8039 209.306 777.928 19 13 11
-182.397 93.5983 861.374 197 173 166
12.5333 245.571 842.777 228 211 206
140.447 156.001 896.207 38 10 2
-57.9498 291.84 832.248 227 205 188
-82.5888 0.156079 1008.64 247 247 242
-69.1324 24.0606 925.268 248 217 203
-43.576 319.684 835.098 184 172 170
79.9453 335.228 889.775 131 123 127
-243.275 21.8008 1437.93 158 120 115
57.1195 310.355 860.623 178 196 201
89.8149 325.756 906.267 250 186 187
121.062 205.737 886.317 63 67 69
-262.411 20.4951 1352.8 210 193 190
-276.521 41.4365 1278.6 135 126 122
0.12447 -9.617 984.05 242 202 185
-74.1184 76.6269 806.455 221 211 198
-366.158 -51.512 1277.47 150 134 115
-366.229 -57.861 1314.76 183 166 146
-406.008 68.02 1273.52 246 234 209
-386.911 54.6451 1188.89 237 219 196
178.739 305.648 970.213 194 152 134
129.258 200.446 927.548 169 137 119
9.56569 283.219 917.251 174 171 169
-14.4658 289.375 845.99 172 147 131
-49.7509 288.183 833.558 232 202 186
-366.437 249.96 1375.18 255 254 235
-390.317 -38.1964 1307.96 170 157 135
-121.82 52.703 926.565 123 128 123
-215.94 21.9169 1446.32 82 74 62
-34.4331 -4.00384 1136.94 73 42 31
17.8869 274.501 903.555 174 177 184
104.395 265.25 937.839 16 13 8
-209.108 97.4553 867.168 201 199 194
-382.623 -42.3815 1241.06 159 134 118
148.559 350.758 982.346 207 179 163
50.1144 253.532 877.411 68 45 17
-411.479 144.7 1390.94 243 227 207
-346.778 220.253 1281.76 216 206 190
43.8027 242.145 830.991 102 81 56
-247.049 22.8285 1393.68 156 121 106
-107.976 31.9956 1031.66 142 95 94
-429.373 64.7931 1335.96 142 123 98
-133.358 83.0702 851.631 78 108 105
147.649 336.083 957.865 108 68 54
149.618 218.086 975.598 167 156 139
142.293 254.764 954.924 99 111 108
-69.8379 152.209 800.904 58 64 64
-154.574 122.274 768.189 239 248 232
-416.924 168.19 1430.12 247 246 233
-196.972 87.9089 912.109 161 157 140
-392.427 29.3458 1173.52 255 247 225
97.6847 214.641 891.417 141 115 103
-400.71 87.1005 1276.9 157 132 110
-412.968 81.1831 1308.05 231 221 201
-60.269 158.953 810.008 63 86 80
-52.5455 61.2595 901.942 57 69 64
-405.76 153.329 1376.25 159 135 119
-79.5212 28.6827 927.305 207 196 185
139.611 218.989 953.33 160 163 164
-381.018 201.058 1365.86 235 220 203
72.1592 241.345 880.4 177 172 164
26.9638 295.239 905.494 95 62 63
-201.33 279.266 1041.8 81 90 86
-22.9134 291.812 838.023 84 54 49
-354.759 0.665522 1583.51 212 190 183
-116.711 189.792 768.989 84 80 72
-414.477 137.679 1389.37 158 135 110
-113.007 86.7544 826.865 75 110 107
-89.9413 171.948 805.303 94 98 93
-40.8687 163.849 781.05 131 134 129
102.052 385.709 1026.82 62 40 44
-323.667 -71.5539 1327.74 148 129 114
-174.188 113.629 844.407 202 234 227
-197.611 89.0626 801.748 129 130 118
102.839 152.45 882.137 171 127 111
-26.9407 27.8039 899.75 121 103 84
75.8113 292.387 921.088 42 79 82
-364.248 209.892 1326.03 224 197 178
162.464 236.106 932.542 57 29 23
-361.408 216.723 1327.76 153 125 108
65.657 299.858 798.755 55 51 51
-28.0522 290.829 856.459 156 116 105
-136.305 50.8145 913.32 233 176 151
171.683 300.503 942.802 90 57 38
98.7339 211.712 861.662 73 43 23
-389.572 -32.4357 1271.06 150 131 112
-2.95869 11.8089 1051.27 255 255 252
-378.065 208.052 1367.51 176 146 130
-145.408 57.0743 1024.64 135 131 124
-49.0387 415.773 902.317 51 49 43
-374.494 308.629 1459.76 234 232 222
-232.498 -34.9447 1437.01 85 84 77
-217.782 77.1545 931.59 93 90 77
-408.398 33.8305 1418.1 33 34 25
-79.4908 151.376 781.342 67 87 86
-123.921 95.7516 861.631 206 238 233
94.9827 207.954 872.719 63 35 25
112.214 227.49 885.724 186 164 151
-341.22 -71.3062 1354.26 145 131 108
-123.032 94.7294 825.218 147 169 164
147.713 267.015 978.145 51 59 66
-376.522 120.365 1246.51 236 212 182
-182.457 106.886 832.576 168 165 157
-32.4011 42.3702 858.094 183 203 203
39.0952 21.5726 967.726 109 160 147
-167.974 91.7815 864.299 71 105 89
-94.2058 171.587 772.504 63 66 61
-324.71 -1.26617 1538.81 152 127 114
118.556 254.08 939.387 121 114 103
36.65 178.046 858.458 207 146 117
