22.166 -67.6259 923.062 233 246 230
31.7477 -14.4988 865.657 252 253 239
-25.6938 -53.2293 930.284 254 240 232
-528.051 48.3895 1182.83 40 25 23
-451.485 24.0875 1273.31 237 230 225
-435.748 136.767 1363 226 204 188
12.984 -65.2612 921.819 90 82 67
14.451 -33.5661 862.374 231 220 210
119.48 58.9112 897.252 210 208 192
-437.486 24.2316 1278.68 227 224 216
-38.9991 -150.893 1178.36 20 19 18
-415.004 16.8034 1429.69 179 185 180
-451.607 159.915 1359.9 198 193 185
-462.118 165.21 1433.8 46 21 6
-460.957 234.628 1241.66 241 222 210
166.404 412.375 1202.94 60 86 90
-51.3958 173.296 1074.77 255 243 234
29.0413 -47.4547 906.158 212 218 219
-59.441 166.042 1030.16 238 226 221
-13.8539 -45.3454 887.203 119 99 91
-591.757 367.677 1417.12 71 71 71
-443.59 20.1314 1418.81 170 170 163
-57.8046 169.23 1065.63 83 58 56
52.1569 -77.0216 926.847 217 231 225
-560.719 140.707 1187.35 141 135 133
-424.416 149.323 1297.97 45 23 16
-422.817 25.7815 1353.21 20 10 9
166.225 270.347 1017.67 255 255 242
234.325 362.384 1148.98 60 69 75
214.786 -186.845 1089.58 22 16 7
107.679 16.1361 907.388 248 253 240
107.056 172.461 982.296 78 86 72
-477.358 135.208 1164.72 252 242 217
-372.931 312.4 1577.35 214 209 194
-411.544 9.74642 1429.95 43 40 32
-424.137 6.18498 1424.44 48 24 19
166.974 251.885 1055.46 243 248 245
-549.441 56.8368 1237.28 194 182 165
-431.255 181.485 1370.64 72 48 37
64.6342 65.2899 936.092 231 218 203
155.351 229.256 1013.51 246 248 238
-24.9063 -104.424 1085.52 198 223 208
83.3423 44.5549 937.778 253 252 249
-143.91 -26.664 929.403 208 185 184
-450.269 -0.712565 1546.56 213 195 188
86.0206 -42.5275 871.571 254 255 249
81.671 -38.1942 871.239 102 113 87
-36.1358 -50.6695 948.294 198 167 158
-499.868 33.7166 1090.3 149 133 116
-56.6688 -138.533 1124.61 226 223 204
78.11 27.2716 903.992 243 254 254
-435.337 -4.46873 1498.4 43 35 26
131.48 101.851 914.722 255 254 248
160.814 252.292 1015.78 253 253 249
91.9468 -16.3228 845.45 140 148 116
59.1026 -167.567 1096.35 199 203 190
-140.499 -38.4613 1002.89 196 182 162
-20.3924 74.2956 993.631 254 251 235
-5.2786 -44.6971 920.034 199 226 218
-435.204 314.179 1266.54 228 225 205
-8.69539 180.938 1021.49 77 48 36
93.0964 127.308 997.323 82 89 61
-624.709 150.838 1284.5 135 129 126
-64.7907 9.71479 998.722 248 224 207
-123.852 32.152 971.61 248 245 242
154.393 161.43 988.592 252 255 240
-439.972 170.738 1365.86 236 203 184
142.706 110.718 971.304 224 221 207
-13.4617 167.504 1039.17 238 227 230
-820.061 51.3484 1051.82 114 120 107
-348.226 313.112 1506.42 50 49 38
138.667 133.046 935.549 254 255 244
-430.97 29.6451 1375.46 47 39 37
-38.1257 -113.646 1059.44 160 124 124
253.694 451.243 1219.64 213 236 253
-47.237 -86.0307 980.308 238 188 170
-425.637 195.563 1374.63 25 8 3
22.4594 19.0367 927.442 240 236 228
77.6768 19.8048 873.487 253 254 250
-13.448 177.822 1039.69 225 200 180
-109.82 70.8237 976.268 136 102 101
-536.27 -72.0577 1281.25 154 145 125
-629.339 140.942 1280.86 249 244 234
51.1656 -33.7519 867.469 118 122 111
-77.5584 -90.7493 1007.01 76 70 76
91.9156 -20.4892 845.253 241 244 221
152.257 481.557 1259 121 140 154
-32.6654 74.1472 991.389 251 250 231
-14.4891 -103.768 1064.32 214 180 168
-398.627 272.772 1562.4 23 18 14
-89.5563 134.551 1022.47 240 233 240
-759.331 33.297 1268.14 255 252 254
-43.3533 -103.16 1059.18 62 58 47
180.531 251.02 996.101 155 156 144
31.7606 28.2209 929.324 223 223 206
-478.815 192.728 1495.4 63 36 23
-505.127 408.156 1317.42 138 140 136
-118.849 81.9167 1055.32 244 227 223
77.2654 -42.4527 870.47 205 219 200
-613.433 303.141 1319.82 86 86 73
121.905 65.524 911.751 175 170 161
-708.828 291.14 1518.8 222 222 206
-477.498 -68.1202 1132.44 164 149 132
-589.266 137.235 1234.22 239 219 206
-106.74 68.7107 1015.53 218 221 217
-77.1019 -97.4018 1053.19 227 229 227
-432.274 39.0776 1351.33 158 146 137
-5.19115 5.32404 922.417 236 228 206
82.8323 -96.5954 963.711 181 179 178
-608.258 123.892 1222.9 239 241 226
36.8456 -41.6262 876.567 113 114 100
-44.878 61.7612 988.509 255 253 244
-513.428 -38.2007 1033.13 241 235 213
-628.986 -42.4305 1290.41 230 205 172
-403.272 234.674 1106.8 167 119 98
-39.0924 -91.9224 1019.63 152 153 146
-96.5515 56.2123 994.257 254 248 242
-398.8 -2.55208 1270.4 164 129 120
-503.077 -18.0369 1387.9 218 195 179
-479.411 194.367 1229.31 181 157 135
-97.5787 -47.0058 973.084 152 147 135
-110.827 156.827 1106.75 234 228 219
-488.646 156.936 1209.68 255 249 232
-573.274 129.79 1235.94 143 130 116
-568.499 -41.1252 1156.98 117 88 53
152.794 182.621 924.838 153 153 141
-14.1047 163.792 1081.68 212 200 192
-45.9686 -92.8209 1059.38 233 216 205
-493.484 216.788 1289.59 129 108 91
-423.335 152.531 1447.38 191 156 138
-635.939 77.0344 1268.26 237 201 176
-719.024 -30.5478 1137.17 217 204 186
-61.639 -91.5105 1015.59 211 191 184
-66.7688 105.386 986.466 254 242 216
-163.125 -32.27 960.505 102 100 93
88.199 63.1239 939.42 251 253 241
-21.1642 185.254 1038.6 252 244 228
3.82048 -30.2292 890.567 84 79 77
84.9349 27.2818 904.928 169 186 177
162.138 184.828 1003.36 244 247 233
17.7311 202.231 1046.69 144 128 111
-530.849 237.921 1393.64 255 238 212
-765.063 17.5802 1261.9 255 254 244
-556.819 326.821 1349.97 98 99 87
-511.286 158.016 1265.31 150 122 99
114.377 147.047 966.42 250 255 236
-50.9766 -49.2714 881.148 173 161 152
-23.4427 14.3542 919.84 89 78 68
-28.903 74.7818 1049.26 255 254 241
-479.58 -15.51 1309.43 156 135 121
-473.19 204.291 1435.28 161 135 117
-659.831 496.725 1694.42 202 206 198
-122.015 96.6112 1032.27 255 249 238
-497.851 92.1369 1148.04 168 125 101
-506.45 4.73708 1187.18 115 114 103
-532.25 356.592 1295.12 118 116 110
-571.144 5.73579 1361.02 160 155 150
-59.0573 -33.6162 895.991 116 111 99
-498.65 -43.2704 1139.72 146 134 114
21.919 187.052 1027.5 254 247 234
-512.22 -47.6454 1179.82 150 130 114
-43.4347 120.147 1073.37 248 235 218
80.5166 47.4113 905.29 225 237 233
-87.4375 -84.3669 1051.97 185 177 156
-391.809 -37.5507 1290.23 73 70 65
54.169 36.6484 887.231 188 180 168
158.9 501.309 1261.63 113 151 163
-93.3084 150.695 1064.74 247 238 245
-376.743 156.015 1550.74 97 82 70
-2.28561 8.20729 984.106 131 124 113
-654.645 238.439 1331.4 249 236 222
-475.135 94.4337 1109.05 229 204 171
-376.172 245.91 1482.67 189 170 153
87.1644 20.5864 904.898 247 253 242
-59.2456 239.357 1122.99 120 120 99
-764.055 5.12903 1260.17 242 245 244
75.066 -39.8978 861.416 131 137 116
-44.3049 263.83 1150.78 254 254 232
135.412 120.262 917.582 195 209 195
96.5948 60.8965 908.146 252 255 231
-651.238 79.7179 1261.23 251 234 217
115.395 363.094 1141.72 142 163 164
20.2829 62.5695 929.142 236 220 196
-474.856 -71.6132 1434.97 97 115 112
-113.47 145.736 1105.48 245 238 237
-98.5547 169.06 1064.59 224 218 212
-542.57 78.5469 1242.81 157 127 101
-81.6938 -34.9275 968.408 40 30 14
-31.4092 66.6724 954.777 126 95 82
103.234 -127.328 1000.59 13 66 64
-495.89 -51.2624 1129.62 165 141 127
-45.4087 251.333 1126.59 236 234 216
177.147 440.547 1179.26 118 154 163
-118.785 134.564 1103.59 255 248 236
-465.119 208.824 1299.94 195 181 175
-9.02115 4.85142 860.453 217 208 186
259.212 504.271 1305.62 104 136 143
-118.906 94.9807 1056.05 134 99 85
-57.3529 3.05408 913.562 200 181 166
-499.768 -95.0562 1293.88 140 122 100
-3.17409 147.108 1040.06 212 192 186
-66.6912 49.3288 983.779 250 240 222
-55.081 -28.5821 912.605 218 214 201
-614.339 105.271 1216.73 248 239 212
-691.025 12.7812 1134.76 171 172 161
-706.041 134.727 1448.69 237 229 213
-117.731 89.4408 957.28 245 236 226
88.2322 67.7806 939.658 238 247 247
-102.682 46.3894 994.116 236 233 226
124.624 -166.693 1080.75 151 196 185
-620.451 288.674 1313.73 237 238 236
-428.815 44.9781 1428.6 103 102 100
-627.884 115.378 1277.77 157 133 111
-7.71375 -121.996 1075.37 137 91 90
187.76 64.124 1025.02 169 157 136
147.3 207.956 989.719 231 238 222
-474.974 325.013 1452.68 211 201 189
-8.80021 -119.932 1023.09 223 184 179
12.5817 228.098 1046.96 154 152 155
-534.735 -7.22847 1257.7 199 191 180
-618.352 92.9611 1212.64 234 225 201
-574.717 50.1928 1225.5 255 242 226
11.5593 -120.383 1026.38 237 177 169
-481.307 236.776 1358.36 134 135 127
57.1844 -149.448 1072.66 101 92 78
-548.79 10.3778 1170.41 252 214 173
-618.885 -26.6213 1296.18 109 75 31
-507.547 -41.0494 1077.34 115 102 85
-39.3269 21.144 917.453 227 204 187
91.8559 38.5046 906.418 231 239 221
-129.116 92.1806 1053.63 191 175 163
-72.0007 124.882 1025.57 255 251 236
-412.772 409.172 1844.73 36 36 22
-33.932 169.91 1015.97 160 146 145
-3.60528 83.9917 978.699 248 239 216
182.139 440.808 1207.65 153 179 187
153.259 267.304 1015.62 236 245 232
-31.4927 184.296 1100.54 116 102 97
54.6567 34.1916 880.833 75 69 63
-506.371 170.997 1268.84 177 157 138
83.7757 -121.631 1037.16 47 72 64
96.6281 65.3879 908.363 243 255 238
-19.6676 182.552 1059.72 218 180 163
-655.068 -35.9849 1177.7 240 235 223
-455.523 156.825 1175.84 196 181 155
-8.02703 96.6623 996.986 250 248 221
-22.7946 140.822 996.447 210 182 174
-644.259 89.3669 1266.07 241 229 212
-23.7019 226.593 1040.04 150 141 131
231.983 459.221 1216.94 98 138 152
-383.715 121.173 1255.79 116 91 80
-468.003 176.496 1231.35 173 153 125
-437.232 -59.966 1408.93 74 73 62
6.15089 -111.753 951.901 119 65 63
-704.658 -31.1169 1217.44 231 221 213
27.6361 212.719 1086.64 167 139 127
-621.787 234.791 1302.43 224 228 213
-379.405 369.05 1683.76 135 136 122
-450.322 268.661 1251.08 254 224 198
-578.553 227.778 1169.11 236 237 224
-764.153 63.7079 1345.72 175 156 132
72.8172 -20.3958 842.882 226 236 196
139.985 234.761 989.757 224 236 229
-365.202 114.8 1323.52 32 9 0
127.282 200.202 1107.01 163 172 160
-516.322 360.447 1502.93 192 178 147
-80.8788 -63.9514 975.4 134 133 109
-590.86 -44.9743 1272.48 112 103 84
-632.619 159.321 1217.27 157 145 139
-360.645 203.816 1565.21 100 95 85
-357.592 219.805 1569.11 120 109 83
9.16681 15.806 938.461 219 213 198
-565.39 111.384 1380.78 28 13 0
-656.878 42.7141 1186.57 225 220 217
45.472 -46.9734 943.07 81 98 99
-108.765 129.16 1060.2 193 178 167
-562.956 195.784 1424.35 255 252 228
-449.136 -87.5845 1150.44 131 117 100
-111.46 -55.4298 996.129 43 48 28
63.2431 88.1183 922.25 237 232 199
-0.553894 32.6616 924.429 214 209 196
-522.121 -26.4818 1077.26 126 109 74
64.8804 -142.593 1013.76 87 91 82
-502.272 39.8924 1045.03 243 236 216
-437.366 -36.6486 1452.82 27 22 18
73.2986 -152.417 1074.81 94 104 98
154.824 203.27 1053.43 240 251 239
-42.6228 203.646 1124.45 235 206 193
1.9777 139.013 1000.85 157 135 127
-480.738 89.9108 1154.99 142 115 107
60.0622 -34.9025 840.615 242 248 228
106.82 150.21 901.103 176 188 159
91.9215 47.4552 906.863 224 232 208
121.92 165.552 984.174 251 255 239
-635.576 115.041 1274.06 182 162 144
-720.796 289.869 1512.19 209 209 194
-479.844 90.4092 1093.9 189 165 148
-727.156 -2.6314 1196.82 252 217 201
-2.04227 34.4887 913.467 98 92 77
93.3815 79.257 925.968 241 247 231
86.2417 -12.4719 873.082 247 252 224
-133.649 48.4188 1008.77 182 166 160
-557.524 47.8476 1170.56 247 237 218
98.8494 32.3832 816.113 233 233 216
-501.036 35.7033 1636.82 190 194 191
129.928 -177.286 1080.53 59 87 76
-87.0543 193.251 1046.63 113 100 88
132.265 202.218 951.904 238 247 233
-462.947 175.764 1176.28 244 238 209
131.636 126.753 948.614 223 243 220
-417.129 -68.0873 1327.96 55 57 55
-455.577 186.064 1367.26 146 115 100
-84.2712 181.126 995.028 101 89 84
-10.5151 86.7435 996.04 198 196 156
84.0766 -8.15326 873.012 164 169 137
40.2235 106.642 934.265 166 163 139
163.276 458.869 1148.8 122 140 138
69.7505 -32.1462 852.343 218 223 201
-808.238 57.6657 1439.58 241 209 195
-56.0545 105.482 1046.84 241 236 208
197.753 454.021 1211.15 111 137 133
-626.968 97.6256 1272.46 255 241 221
-704.331 71.8659 1233.24 253 251 241
109.342 132.54 964.733 247 254 250
-102.782 168.148 1109.25 254 254 254
-21.1907 156.903 1037.18 248 224 208
-617.391 61.3509 1207.62 234 218 198
31.0264 184.91 970.731 228 217 202
-737.253 251.387 1472.69 238 207 195
-91.9375 162.843 1111.37 171 170 170
0.850322 -92.4335 933.631 216 201 183
-464.205 -36.8514 1389.52 140 116 103
-49.3374 176.346 1110.04 220 171 157
34.3868 107.467 1004.88 251 248 236
-470.385 170.168 1229.52 108 94 74
-131.28 63.3825 1010.04 251 251 248
-561.497 182.631 1296.45 255 241 231
-741.171 75.0314 1286.14 252 254 250
-36.1045 161.241 958.005 152 120 123
-697.245 12.3854 1217.58 254 253 236
-93.9992 51.9597 921.575 255 253 251
97.922 95.7977 942.423 247 251 234
-351.533 107.967 1282.03 96 72 55
43.4887 299.086 1166.33 210 203 182
102.127 378.993 1214.15 177 193 194
-31.4341 134.663 1014.1 254 226 219
-728.99 75.4575 1292.92 179 148 134
134.397 165.831 985.994 248 255 243
-483.987 229.731 1356.36 84 87 77
136.487 184.294 962.779 163 167 172
9.77397 147.443 1042.45 227 201 187
-546.994 285.541 1579.69 188 182 178
-404.019 -48.4865 1282.95 135 134 132
103.61 78.9174 909.947 251 255 235
2.87009 228.58 1268.59 175 149 131
88.2064 407.423 1241.21 176 183 182
77.6601 -59.0819 1229.25 89 99 89
-567.931 68.6297 1230.71 247 224 208
-114.473 46.654 974.202 204 199 197
86.9301 89.0657 877.735 179 192 168
-35.4804 136.357 1075.9 187 165 157
-118.901 30.9477 1011.02 99 85 78
-34.0094 125.799 1033.11 230 209 195
170.994 403.593 1186.17 101 130 148
37.3839 195.27 1030.8 187 179 166
-638.165 210.206 1289.49 156 141 141
-44.2093 187.073 1034.2 148 118 101
31.0116 262.955 1051.86 162 159 130
