488.105 -157.518 1523.6 255 248 250
519.164 212.371 1681.47 1 34 43
16.8165 351.904 1222.69 221 218 210
20.2949 357.977 1197.59 234 226 225
-97.2398 471.494 1434 253 249 236
-59.1734 50.1707 1066.05 40 9 9
66.5429 86.0456 1241.5 112 74 52
20.982 -44.0229 1119.58 176 154 148
-24.1601 355.179 1188.12 255 244 230
68.2442 -40.0201 1206.86 82 51 36
-35.5793 115.017 1094.56 79 61 49
31.5932 -46.0663 1136.13 95 64 52
60.713 76.3115 1185.75 248 235 209
-27.4989 44.6476 1092.88 67 38 41
-8.95387 329.124 1138.66 252 245 235
68.8599 -30.4593 1128.9 105 68 40
-1061.09 -71.6563 1547.42 226 230 227
-10.3442 427.526 1223.18 255 254 241
-72.2454 52.6557 1063.56 248 224 189
15.4164 -41.1897 1118.81 28 7 5
370.817 119.026 1952.16 69 57 51
561.554 215.733 1777.45 217 250 254
131.326 377.711 1318.01 75 73 75
77.4518 -33.698 1192.73 91 5 2
470.29 -10.4776 1476.44 241 229 236
-71.8754 55.6697 1022 150 59 34
472.554 -150.105 1451.55 255 245 248
36.6972 10.1292 1151.68 67 43 36
-67.9712 40.7003 1132.56 243 243 229
-32.9753 327.839 1184.67 253 237 233
-62.1101 433.758 1300.92 189 184 167
409.32 -266.498 1579.65 217 171 164
-14.4123 246.582 1153.39 115 78 91
475.82 -52.7665 1543.48 214 206 200
-16.0988 407.186 1248.77 210 190 174
566.498 -158.204 1692.49 250 250 247
35.3594 25.5234 1205.19 52 62 45
65.4803 409.653 1266.11 171 181 179
80.3386 -46.0224 1208.61 139 52 26
14.5426 246.086 1244.58 115 91 82
-85.5052 451.268 1362.79 35 34 30
-31.4572 314.185 1110.63 182 177 173
123.937 158.721 1258.66 97 73 71
-43.6658 52.6201 1090.07 113 107 99
572.83 -75.7583 1624.59 254 247 232
18.6546 334.031 1312.31 215 198 189
69.1544 112.906 1217.17 243 223 199
61.7512 147.06 1238.84 245 241 223
424.18 -56.2378 1391.27 219 203 202
502.564 51.03 1565.72 153 136 113
494.933 184.944 1589.36 79 123 135
52.3504 116.196 1235.91 156 119 107
117.577 109.642 1284.77 122 83 62
-75.5601 140.477 1113.72 51 16 13
-82.5434 13.1874 1059 255 255 231
-3.39565 419.467 1195.87 223 223 218
70.3084 169.926 1249.71 76 50 46
5.09415 225.771 1186.29 219 168 164
-27.1473 277.641 1182.93 130 116 114
-50.9589 239.112 1125.03 67 64 58
63.8578 61.8344 1135.5 105 57 36
42.1841 43.016 1084.51 125 118 119
574.208 -59.8476 1628.27 240 210 202
563.436 -25.7712 1637.53 76 61 52
21.0697 340.432 1252.63 244 217 209
-35.4768 175.903 1078.33 205 193 156
520.506 284.763 1678.98 73 92 102
502.642 -132.892 1613.28 215 197 191
494.867 -116.831 1532.26 129 124 123
54.2882 113.668 1241.68 236 206 196
85.5373 153.716 1281.55 219 220 217
26.7004 259.089 1177.9 213 171 158
496.921 -230.053 1596.15 125 124 121
469.166 -28.6144 1473.15 219 206 201
82.2068 150.778 1195.74 129 117 102
-61.9147 163.061 1118.1 107 87 77
17.0556 197.026 1122.85 194 180 181
-33.0015 244.914 1179.56 234 228 214
527.555 -133.117 1616.03 238 232 235
-75.8534 30.9373 998.47 82 15 3
74.8743 381.628 1266.29 128 123 107
572.385 -28.9008 1708.94 219 206 206
16.9922 398.473 1226.7 112 86 69
576.23 310.542 1898.92 216 240 248
468.715 -35.8542 1471.84 120 110 109
544.091 -75.5997 1622.96 255 244 233
1.85142 104.798 1176.78 68 31 14
34.9968 286.74 1196.35 222 225 207
-18.0612 394.096 1374.87 252 251 242
-48.7279 130.005 1073.01 117 83 75
-22.3261 356.629 1244.29 116 106 101
-27.5086 25.7407 1091.93 131 107 96
-16.4155 420.833 1221.33 70 50 28
-41.951 271.931 1202.49 124 128 129
-57.0875 79.4672 1088.62 91 83 72
7.57005 368.634 1170.46 112 114 110
480.343 -101.806 1534.19 208 192 191
87.7662 142.186 1306.3 185 151 131
53.8474 100.607 1213.5 181 149 123
-12.4802 278.41 1186.09 252 238 245
28.9219 259.547 1193.37 119 91 86
505.089 -13.4676 1632.7 164 160 164
130.092 186.275 1322.03 255 252 242
-6.20255 77.3851 1078.07 255 239 214
-67.555 99.3225 1042.8 148 126 128
63.9701 160.402 1247.67 245 226 219
-10.5423 319.437 1213.98 157 126 106
-89.0278 95.9447 1107.91 100 61 41
510.116 192.811 1767.59 87 120 120
-14.3508 306.929 1155.6 139 132 137
-114.864 68.1732 1123.72 179 148 140
2.17652 203.203 1089.05 207 199 180
85.9971 149.067 1269.11 254 250 238
-73.7632 98.1951 1102.38 164 124 123
624.275 -33.3991 1842.94 148 131 130
578.617 -66.7124 1763.87 235 234 229
-35.6081 233.912 1113.42 171 169 166
-131.173 461.335 1463.69 13 3 0
-72.7139 85.1969 1110.72 254 251 237
524.974 -159.769 1526.54 224 195 177
75.5942 392.991 1238.13 253 253 254
581.177 -65.4718 1727.76 255 251 249
-1124.92 -41.7554 1573.45 106 122 117
496.566 192.668 1766.17 54 89 92
76.6911 182.603 1252.01 140 126 116
-47.3924 37.435 1161.39 154 149 147
-28.7463 103.304 1144.02 145 98 94
125.329 18.6396 1245.36 253 236 222
656.09 -285.814 1691.27 210 232 213
-59.4018 124.589 1028.21 255 254 252
101.43 376.161 1312.45 135 121 106
603.078 22.0705 1734.76 255 252 236
-59.5976 145.966 1192.56 181 175 171
-40.7909 143.541 1075.41 245 224 191
534.258 -66.7956 1708.67 120 106 103
-61.8834 140.823 1116.68 168 131 114
394.57 -240.721 1575.45 81 82 80
-8.58481 -1.14492 1094.18 255 230 212
25.2732 207.966 1210.65 244 204 201
-77.6719 34.7342 1038.1 187 115 99
-164.516 8.4148 1132.7 143 124 113
7.36112 58.5438 1124.95 255 249 237
470.889 214.705 1768.1 53 75 72
637.108 56.6214 1745.05 255 252 233
-67.7177 231.496 1171.08 229 218 213
121.988 -95.2837 1269.34 250 243 223
-75.4796 448.507 1365.17 107 104 86
-54.2419 208.016 1304.65 206 193 167
88.8004 357.732 1232.31 117 94 87
-37.076 217.208 1126.66 241 223 192
550.588 -97.8167 1624.41 247 216 196
434.637 -103.015 1497.35 149 128 114
-115.235 428.201 1353.36 154 140 132
557.572 -158.047 1605.04 251 234 218
-14.0054 1.53164 1093.29 197 128 104
493.031 -99.1246 1614.26 194 154 149
-4.22862 -2.64881 1166.84 189 127 105
-84.6804 152.188 1161.85 200 169 153
582.788 197.933 1775.24 160 179 183
118.962 12.4192 1243.67 255 244 216
-11.6746 462.963 1343.47 213 192 175
123.381 101.876 1349.6 190 169 147
-42.0928 239.291 1075.86 244 243 246
-12.4503 285.036 1098.84 193 118 108
637.887 -162.127 1607.01 255 255 235
70.1866 306.914 1286.85 253 253 230
609.72 -287.994 1576.97 191 192 180
128.055 35.6872 1305.77 255 214 206
38.5392 297.597 1180.8 205 197 171
-22.3341 339.147 1048.13 74 47 38
125.783 52.5546 1248.89 255 248 224
-28.8409 -43.6052 1110.42 88 64 49
-9.46227 16.9822 1048.75 255 220 223
8.75319 402.683 1253.89 158 145 143
77.4746 289.703 1260.6 228 229 211
122.987 48.0854 1214.26 218 162 124
109.478 133.144 1312.88 185 163 143
5.1811 261.459 1188.68 181 160 153
458.418 -79.1096 1536.88 167 123 104
-82.8722 139.706 1066.51 170 143 126
415.34 -30.008 1369.24 146 119 118
458.242 -129.936 1446.5 174 143 136
7.07761 -38.4071 1117.52 121 100 88
588.161 266.07 1790.67 158 177 176
535.752 268.353 1693.62 160 184 187
-18.609 55.0353 1168.72 255 255 240
635.123 -196.809 1614.95 210 212 197
64.9308 267.115 1200.92 183 175 169
589.051 -123.061 1614.51 247 239 212
-159.109 186.593 1228.63 81 22 3
-85.2208 1.43436 1035.13 219 194 170
133.603 58.4205 1311.57 255 242 232
600.677 -3.72523 1728.23 242 233 207
29.9293 199.579 1214.21 193 177 170
-1274.41 -558.013 1820 118 123 111
609.257 -50.357 1716.87 183 148 138
-71.3986 228.715 1194.07 186 166 159
-33.1218 452.489 1276.5 135 116 100
553.647 153.388 1673 196 204 196
511.714 358.639 1903.35 94 107 104
522.474 -29.4701 1508.83 164 131 125
67.9248 -80.1588 1103.21 80 67 56
149.534 66.9351 1424.88 220 166 151
667.72 298.243 2006.46 151 173 173
-6.64728 33.361 1120.43 253 255 255
102.714 88.6287 1194.26 162 143 125
401.395 -45.6071 1331.77 77 60 55
-2.75757 252.884 1106.36 194 150 142
22.5321 72.79 1152.6 212 139 111
456.493 277.854 1779.31 51 54 51
89.6319 119.817 1167.56 165 149 131
489.409 -139.075 1527.4 255 251 249
704.766 313.9 2012.65 173 178 187
678.282 -200.941 1921.55 231 212 194
627.881 -79.6372 1710.06 204 186 176
-77.6968 60.0877 1011.23 226 165 134
-49.4793 202.666 976.321 190 189 186
670.133 -80.4444 1825.84 139 120 104
-25.8154 260.363 1151.61 190 141 152
-1231.09 -107.746 1962.36 82 67 49
-75.2603 13.7782 1105.27 231 186 174
642.978 -128.957 1721.79 252 252 224
-141.196 -90.5878 1341.13 99 99 78
