129.337 -50.4325 1372.65 253 244 234
334.338 -91.0755 1683.73 247 234 224
65.47 -1.31901 1209 253 251 234
28.1159 382.801 1148.65 255 254 251
71.504 -7.24294 1209.7 105 83 64
-8.72995 179.482 1083.69 18 12 11
322.216 13.0856 1705.53 247 239 230
-64.9637 63.3379 1041.71 191 177 168
328.148 400.026 1996.08 211 251 253
32.4062 418.879 1203.22 255 253 214
48.9574 261.911 1122.61 236 214 208
1.83123 74.6772 1079.3 248 177 159
55.4125 406.482 1172.06 255 252 243
1.8199 69.3372 1078.95 137 71 38
107.91 441.371 1268.14 76 75 73
10.3897 283.43 1092.93 24 16 7
7.49901 201.588 1088.1 43 47 27
340.39 216.669 1751.14 21 7 4
10.0256 125.841 1084.09 247 211 193
57.3087 457.604 1239.74 83 63 49
146.241 297.113 1308.14 64 58 56
32.6765 446.892 1103.82 202 200 190
56.3313 365.961 1205.26 151 122 115
60.8578 425.112 1289.71 202 191 191
120.638 -25.3467 1297.41 153 131 109
38.3025 430.043 1285.24 106 96 85
398.058 -74.6262 2036.18 238 221 211
344.844 323.628 1980.05 51 68 83
97.1799 228.131 1319.7 111 117 106
102.763 -43.5879 1182.18 112 93 77
9.28885 91.089 1100.57 115 77 69
384.646 48.0913 1915.91 250 246 250
9.23753 87.9773 1226.05 87 91 85
343.945 -69.7961 1778.78 113 91 75
37.1216 442.029 1181.73 240 226 212
23.2139 378.277 1165.23 218 191 193
69.3138 469.411 1254.98 46 47 46
339.195 4.66175 1705.99 122 104 81
59.3394 -13.1859 1207.02 206 190 182
353.808 20.7862 1814.99 107 96 85
39.3159 294.409 1146.36 132 120 108
295.231 385.397 1877.58 48 85 88
28.2381 428.964 1150.61 37 18 4
423.531 78.3862 2156.9 39 26 22
109.857 457.462 1300.41 16 15 16
40.6672 361.885 1168.14 157 152 147
36.9627 406.106 1179.21 104 88 47
5.93835 307.497 1214.04 62 45 32
92.6961 174.5 1273.43 137 95 72
99.5708 209.975 1279 128 107 99
-0.881524 58.6506 1077.74 146 85 55
-0.267532 48.21 1053.44 252 225 197
0.229324 96.3657 1026.58 157 59 47
54.5484 485.874 1290.24 141 114 106
-3.66948 42.1841 975.719 189 167 137
86.8509 -41.2939 1297.01 90 66 52
94.1161 4.85933 1272.55 184 116 94
7.48345 103.174 1128.1 216 154 136
2.87972 193.124 1028.85 223 179 167
31.3184 468.555 1182.29 94 72 50
52.7597 293.117 1099.49 255 248 240
27.8379 285.275 1143.63 172 146 135
30.0503 299.183 1106.76 251 246 247
19.4776 7.24828 1148.16 176 153 138
7.68294 182.069 1133.46 247 251 246
55.5333 329.627 1259 170 156 146
-172.496 -24.6581 1294.61 52 41 31
27.064 69.8051 1129.38 255 252 228
420.25 330.398 2260.08 106 136 136
-10.1573 182.734 1079.28 207 163 148
31.8334 320.767 1165.2 165 141 134
335.872 62.0865 1908.4 155 146 127
306.738 -38.6672 1768.67 156 131 120
55.2445 363.618 1150.98 230 222 211
271.708 -192.424 1984.05 50 51 46
315.168 285.364 1860.08 99 129 131
45.742 425.31 1226.07 254 246 218
93.0119 159.913 1245.28 236 197 166
378.52 65.5896 1942.92 136 121 118
39.3955 317.313 1147.64 255 247 240
100.222 188.605 1351.41 220 192 171
18.815 396.282 1099.44 113 99 77
-38.1412 114.295 1074.06 87 53 46
56.6359 309.577 1150.51 135 125 113
30.5132 231.142 1140.99 245 218 193
101.935 189.073 1286.89 180 145 127
7.4575 182.597 1087.01 147 106 70
36.9744 88.5322 1086.62 255 248 248
11.5842 492.819 1202.24 124 128 123
65.1051 254.598 1185.09 123 94 92
-43.683 112.272 1092.69 161 137 137
31.8529 253.561 1193.52 234 211 194
29.5195 306.154 1122.32 183 155 156
35.4819 76.3755 1234.54 156 149 146
5.09936 -8.49097 1186.96 168 153 165
1.95328 130.98 1040.18 101 35 23
315.669 467.18 2009.48 131 144 137
15.223 212.886 1020.53 246 223 203
88.1685 144.726 1196.3 183 144 109
2.91769 137.606 1071.46 217 175 165
321.183 -8.23071 1775.25 148 119 105
27.5106 383.514 1194.93 175 158 161
86.1182 197.408 1221.03 142 129 115
39.2958 94.4155 1124.42 246 253 250
54.6819 401.315 1182.39 146 135 124
-34.8445 199.983 1282.28 107 60 36
181.173 236.592 1485.17 104 123 128
42.4003 338.096 1195.98 175 111 106
0.016181 -2.63007 1164.63 90 70 52
273.303 344.358 1763.93 103 155 168
347.713 -15.1129 1807.42 189 163 149
