-72.9655 27.1435 1155.13 255 248 236
-94.0947 401.444 1102.68 254 248 247
-92.5851 424.982 1125.26 233 224 203
115.412 -49.2518 1657 237 228 214
-149.567 -28.4898 1791.74 16 16 9
-70.8286 24.8166 1177.05 101 85 68
97.5504 376.754 2059.24 37 58 70
-87.0008 516.783 1182.68 221 228 224
-33.2586 2.00069 1270.64 250 233 220
-94.2034 490.882 1208.63 245 242 240
137.121 67.6882 2016.48 24 24 19
131.364 32.5528 2007.12 246 216 198
-78.587 15.7556 1153 199 193 186
104.664 53.7601 1675.72 221 212 210
-52.7935 44.6557 1412.49 97 10 0
-97.1695 482.982 1295.47 82 59 38
-122.041 201.024 1018.89 19 24 12
117.209 -30.2514 1751.06 50 35 25
-73.2226 375.537 1127.33 179 153 140
-67.552 -7.25728 1262.05 38 19 3
-102.529 417.209 1173.88 240 230 223
-93.6459 454.028 1226.17 230 213 196
-91.5425 449.123 1106.12 45 19 3
128.677 -25.7484 1916 167 145 138
158.689 53.68 2148.47 121 105 97
-89.6778 343.341 1122.16 133 102 99
-93.7607 304.302 1096.32 102 55 29
109.6 95.7078 1685.06 126 119 126
127.597 265.097 1819.53 45 33 19
7.89761 -121.929 1705.04 69 72 70
-52.8106 202.649 1226.53 117 82 70
4.01356 -104.085 1621.32 41 50 38
-177.235 146.683 1112.87 174 156 153
113.59 346.406 1933.19 55 79 86
-52.6071 34.8489 1212.68 110 44 13
-72.3809 472.759 1182.06 81 49 38
-79.3215 -147.301 1659.08 194 197 191
-113.767 219.05 1109.95 112 82 66
-105.425 188.918 982.52 190 186 190
-111.448 159.46 1061.37 110 48 27
-109.033 204.735 1064.34 253 251 248
-113.894 127.524 1059.07 166 90 65
9.2778 -112.908 1872.55 167 175 161
-102.277 227.337 1024.39 243 223 203
-84.0361 319.271 1092.07 246 236 232
-109.124 231.288 1065.72 100 76 63
-73.6127 318.992 1175.16 136 119 114
-118.818 79.8564 1055.26 254 244 220
147.223 16.4116 2138.6 114 75 59
119.409 35.8019 1918.26 117 94 79
104.59 30.2914 1876.59 239 204 181
-109.473 360.016 1190.94 105 99 107
-78.038 471.575 1216.89 119 124 116
-112 160.633 1019.11 127 70 44
-184.481 94.412 1041.02 142 121 120
-79.3474 309.798 1173.32 254 224 211
-149.328 -114.761 1664.28 41 45 38
-73.2682 412.439 1128.96 244 239 233
-49.1754 254.736 1290.58 132 118 103
-8.86116 229.132 1317.59 54 56 62
-90.8149 365.67 1199.71 255 226 217
-118.901 98.2958 1056.31 135 40 28
161.779 -179.741 1847.27 184 203 196
-96.1986 255.903 1069.83 104 99 50
79.9986 95.3337 1678.5 148 142 137
-271.556 -220.789 1176.6 172 164 150
-114.347 127.522 1016.96 181 110 88
-130.061 205.52 998.312 198 174 167
-159.784 139.454 1049.33 122 106 106
-95.2674 393.773 1123.33 148 127 119
-227.388 86.1204 1050.48 164 146 134
78.7297 417.124 1907.69 183 217 234
-87.8767 502.834 1232.78 243 241 231
-89.6594 334.9 1121.74 142 125 118
111.921 74.6987 1594.52 203 177 179
41.4949 101.456 1863.47 151 133 110
-12.9065 183.388 1261.21 30 23 18
-78.7505 380.743 1126.36 255 247 240
-130.863 161.381 1031.91 70 30 21
82.6263 4.41217 1751.81 163 142 130
-68.0373 380.204 1096.4 225 223 202
-84.2638 383.115 1125.25 161 150 147
-124.375 174.928 1059.34 106 88 87
-111.235 106.42 1058.46 135 115 100
-95.3728 415.609 1357.56 206 191 179
121.593 -121.834 1831.06 36 34 29
170.297 -9.15054 1861.71 255 253 218
-73.5974 310.153 1174.64 172 147 125
-49.3902 217.07 1114.55 248 237 223
-84.0763 287.491 1120.52 248 233 214
-114.235 99.5001 1015.58 185 107 94
-34.5099 -91.8422 1815 19 26 2
-97.0031 123.635 1082.18 180 186 184
-94.7256 189.252 1112.47 144 112 105
-76.7079 455.11 1181.5 221 223 213
-67.8725 337.105 1177.49 176 167 153
-94.9328 258.923 1116.51 235 214 172
-90.3397 115.625 1082.7 170 148 142
-61.4464 357.63 1154.72 184 187 161
-49.779 190.456 1226.27 230 196 175
-232.745 91.1803 1079.04 94 56 42
-319.488 12.4471 1233.03 71 61 49
116.152 320.454 1935.42 122 152 150
-91.6163 477.115 1107.69 106 86 68
-86.3289 106.123 1109.13 255 247 238
-36.3437 8.06486 1243.75 255 237 209
-84.6028 158.973 1024.8 136 85 93
-433.559 -348.574 1979.6 144 117 101
-68.5176 291.049 1197.46 131 106 105
88.1547 390.029 1834.99 87 114 116
-43.8814 206.048 1114.52 141 117 110
95.5835 62.9302 1880.47 131 104 104
