-158.817 162.329 1096.19 31 5 4
-70.207 187.493 1118.03 32 11 7
-218.086 333.218 1111.58 73 65 58
394.815 -178.071 1200.43 222 227 225
-142.1 135.074 1053.23 239 219 196
-212.166 315.215 1092.18 247 242 229
-146.116 99.4538 1008.56 223 205 184
-179.685 236.553 1071.29 123 99 100
-267.929 286.701 1076 90 77 75
-262.06 361.31 1105.12 239 222 215
415.435 -2.99053 1224.92 56 55 55
-224.614 378.798 1167.04 180 176 173
552.679 258.99 1462.8 235 255 255
596.906 315.894 1411.62 28 52 60
-144.58 124.563 1052.05 244 218 193
-306.276 60.1046 967.467 234 236 227
-162.257 124.101 1047.94 81 32 18
617.469 -224.29 1251.39 225 241 226
-154.934 163.464 1051.91 244 234 217
-157.351 145.077 1050.3 82 59 48
-280.373 144.989 978.579 47 24 23
-139.586 140.39 1054.11 79 49 24
435.912 97.3847 1251.38 227 223 195
-169.681 108.33 1045.29 228 179 162
-137.718 187.459 1176.93 253 255 249
-2.81977 393.282 1294.78 33 23 8
-218.376 368.079 1088.87 41 36 22
-241.59 352.989 1063.81 94 71 62
-149.931 174.098 1053.66 244 236 230
535.684 -9.55632 1287.9 212 185 176
-139.355 145.558 992.529 247 227 212
-183.882 -16.1131 956.169 237 218 203
-209.982 364.398 1047.7 51 55 49
405.065 -106.32 1160.59 228 224 223
-164.822 131.833 1047.79 234 220 205
-261.164 48.5735 978.667 110 89 90
409.161 -246.007 1245.17 227 187 179
-141.958 -8.23563 982.309 74 35 21
-51.3044 42.0648 1066.88 255 252 229
-141.408 301.157 1085.46 250 241 216
-308.558 74.4937 1001.73 99 77 74
-181.786 -18.3243 1013.39 243 214 197
413.031 -54.0525 1218.21 250 246 230
511.231 19.1396 1290.52 251 242 237
-149.616 119.217 1050.58 90 55 34
454.623 -95.2107 1219.94 254 253 249
-218.614 444.666 1192.95 231 235 236
-181.018 37.6318 976.126 71 33 30
-167.212 113.586 1046.17 91 59 41
516.252 236.151 1393.07 204 232 244
506.863 253.859 1395.59 47 80 101
548.808 293.631 1405.17 63 105 108
-266.405 242.158 1006.81 91 88 88
-277.128 138.56 1020.06 64 16 3
-179.343 -11.4432 957.372 109 84 67
-51.7254 33.5235 1087.35 255 250 224
600.063 -156.99 1161.74 244 255 243
-129.31 124.932 1055.53 106 54 30
-243.916 360.211 1110.05 118 112 105
-252.883 309.911 1073.58 93 81 68
501.358 19.1357 1289.84 255 249 238
-249.597 456.468 1185.36 58 55 47
-249.225 394.728 1215.79 223 223 216
-238.057 307.658 1039.59 118 77 70
495.901 303.801 1403.27 139 175 189
-293.112 78.0773 1033.29 87 111 93
-316.167 101.199 985.38 227 217 209
-187.915 51.0762 1054.83 245 214 200
-167.79 36.3342 943.186 70 46 45
-295.164 77.7234 1011.79 44 46 33
-272.214 123.534 1020.52 75 62 56
-146.519 177.207 1012.53 100 77 64
-203.125 220.646 1077.62 243 216 211
-309.022 72.505 1007.71 122 104 102
-120.384 367.843 1142.41 246 247 215
-69.3851 55.3237 1022.23 206 129 112
663.844 348.098 1553.5 50 70 82
-39.1182 73.4467 1029.17 249 242 216
-181.896 49.4785 997.868 96 61 51
-279.431 208.335 1068.06 225 200 166
-130.095 -1.01388 985.065 150 114 99
451.014 40.0427 1296.07 214 205 211
476.663 15.7447 1190.36 123 107 108
-182.853 301.045 1075.28 230 236 221
-70.7258 186.901 1025.37 173 148 127
-221.587 334.125 1062.5 103 99 93
-277.111 361.917 1150.27 144 143 137
-56.6306 105.318 1069.9 138 106 84
-167.054 258.816 1076.1 131 135 131
488.558 25.4198 1289.8 210 192 186
494.954 -47.2494 1229.6 255 245 229
-188.648 -12.3403 1033.8 83 43 25
-307.744 150.104 1012.43 238 237 236
-215.293 289.383 1127.17 124 101 100
-149.239 300.675 1083.54 71 62 54
-122.299 179.929 1080.74 138 120 106
527.887 22.3208 1292.08 223 210 204
-137.108 153.575 1055.43 128 98 84
-139.333 93.3763 1051.4 100 40 18
-233.559 366.794 1113.39 244 244 229
-268.015 50.9151 977.037 130 57 57
578.073 -157.827 1317.41 222 224 216
-306.447 74.4387 968.123 106 61 49
472.475 224.92 1273.53 133 174 192
491.448 -158.75 1074.3 177 170 163
-72.241 44.4828 1062.83 129 97 72
-139.374 399.574 1165.01 61 52 38
-54.7105 21.8165 1041.84 255 250 214
-287.177 147.183 976.912 192 184 190
-87.8345 46.9926 1059.78 245 222 205
437.512 -0.119356 1227.11 224 219 221
558.317 -253.575 1244.37 63 90 80
-304.936 70.2428 1029.77 237 218 207
-290.34 65.2889 1012.41 247 255 244
-279.47 290.773 1122.01 124 110 121
-250.365 237.324 1007.68 146 92 82
-92.7145 177.692 659.877 251 247 226
-95.3193 411.822 1258.77 45 23 16
-208.036 275.09 1066.95 240 231 217
485.694 -42.1104 1263.32 255 233 205
-277.067 133.505 1019.79 168 128 119
558.265 345.779 1509.91 94 128 124
-102.781 158.725 1108.99 149 106 78
-40.7919 84.4891 1071.73 255 250 229
571.168 -98.6551 1170.42 242 243 217
374.85 -215.042 1194.19 247 245 239
-290.674 60.3127 971.622 125 116 110
628.775 -185.682 1209.33 247 255 241
-256.694 58.2925 980.281 255 246 242
-235.447 262.574 1058.82 253 241 239
378.005 109.249 1563.55 22 19 9
548.711 -104.023 1274.21 229 213 197
-210.214 397.889 1097.17 54 33 25
643.977 324.985 1517.68 62 101 118
422.694 18.0785 1228.17 174 159 152
-129.462 156.411 1057.32 180 154 140
-137.706 280.233 1062.19 121 115 96
-211.831 -13.778 1049.68 218 205 188
-285.127 264.401 1104.08 191 190 168
-245.193 393.282 1095.23 207 198 184
545.349 247.036 1396.72 90 121 130
-253.217 320.809 1032.17 245 243 239
-219.538 294.86 1111.43 68 56 51
-180.926 323.012 1100.37 234 240 209
501.73 -116.385 1256.71 205 184 159
-112.874 377.424 1116.79 16 7 3
-142.678 322.85 1183.86 250 246 222
512.579 41.531 1293.78 95 77 62
430.297 -108.022 1196.5 232 227 229
-268.089 58.1532 977.379 255 231 229
-231.666 265.813 1133.41 149 130 118
-242.415 286.258 1074.18 246 223 208
-265.588 356.169 1207.21 196 140 126
-3.45228 249.374 1135.78 251 243 225
-125.376 -6.14886 1026.22 130 43 8
-127.834 -13.6603 1025.37 97 15 5
-242.477 303.696 1005.1 255 250 254
436.677 -78.2046 1216.84 236 236 243
-87.7863 31.3123 1058.78 255 245 227
427.671 -9.09772 1225.16 169 155 150
384.984 -248.18 1352.81 215 185 185
647.986 37.6619 1497.08 138 124 108
-25.9834 149.667 1124.86 250 244 229
-219.844 522.246 1200.98 81 81 76
444.793 -23.5201 1173.69 252 236 221
-28.7745 132.865 1123.11 247 236 211
531.58 -22.179 1285.8 254 248 246
-272.038 188.333 960.213 236 231 218
539.729 -202.115 1100.24 208 210 194
-257.369 127.248 887.824 117 122 123
-100.456 275.382 1116.65 255 255 251
629.271 -179.864 1210.24 253 255 245
-284.438 173.337 1039.97 90 73 53
-26.1876 139.487 1069.15 242 233 212
-55.6868 282.159 1150.65 214 214 201
555.545 -233.549 1150.68 167 225 235
-177.378 249.026 1146.42 169 148 143
-174.903 74.2208 1000.76 172 164 160
-288.635 180.856 996.495 251 239 218
-89.9769 25.2103 1075.09 253 234 218
-240.335 256.929 1057.08 158 145 137
-64.4048 80.6635 1024.69 255 246 232
-42.1603 293.236 1081.3 116 60 31
-193.09 351.711 970.643 62 40 34
-265.867 63.0252 978.188 151 137 127
-245.433 307.3 1083.18 253 218 213
-140.531 204.134 1103.15 118 108 104
-119.148 21.6807 1090.15 156 118 107
-224.059 569.997 1299.32 63 66 57
649.558 172.293 1449.23 248 255 254
554.437 25.5079 1294.16 247 233 216
-223.592 224.515 1016.87 94 77 56
408.828 -97.0013 1115.31 252 241 247
-203.613 220.303 1088.74 150 115 107
-249.959 72.9561 982.721 243 199 191
546.166 334.128 1507.59 135 165 185
548.254 277.542 1503.29 184 216 219
-289.554 204.13 1040.06 203 204 189
459.209 29.6824 1267.78 101 99 104
-283.834 50.7889 972.949 232 232 224
410.816 -224.644 1195.25 116 101 94
-231.752 102.566 988.728 234 177 152
-286.891 57.3728 961.756 116 116 96
522.212 247.596 1458.86 50 85 106
-21.4001 174.266 1177.42 251 235 218
-113.946 17.4942 1011.01 64 25 12
421.06 -35.4778 1257.66 167 145 136
408.512 -83.9659 1213.97 225 209 203
511.136 24.1329 1235.58 143 115 106
-77.4928 62.8587 1062.93 255 252 229
-253.518 265.971 1051.98 222 205 208
-319.72 125.869 1028.37 244 240 239
451.177 -10.7598 1263.15 226 211 208
-221.168 429.038 1190.44 84 66 54
-203.01 237.044 1044.5 130 78 68
-245.642 283.091 1057.62 252 254 249
620.576 -138.616 1216.57 229 245 237
-252.091 387.574 1109.94 246 235 231
-196.894 147.662 999.372 182 150 136
-14.774 197.979 1130.3 251 249 230
-214.997 54.0395 990.338 243 213 187
-231.265 48.8545 986.124 238 200 178
-258.005 419.905 1161.19 45 39 25
-110.955 6.17583 989.243 95 29 7
-69.4384 -49.5328 1057.11 247 233 210
-3.46692 240.864 1135.27 254 244 223
448.473 80.1404 1293.83 141 143 122
-74.9357 83.9219 1064.8 255 245 225
533.015 -97.6749 1274.45 206 199 181
-221.483 -6.86603 985.715 196 170 154
537.203 16.5445 1242.17 219 196 177
-346.671 37.0218 1016.8 205 185 166
-174.04 180.549 1068.4 176 128 104
-99.0433 594.722 1364.39 75 104 88
-111.332 -23.9271 1025.44 182 116 95
530.751 -108.594 1295.18 173 154 134
-96.9119 417.226 1203.23 102 110 118
-258.74 120.596 938.88 198 195 196
-260.74 102.879 1066.51 191 119 104
413.959 -175.718 1049 154 152 149
-238.546 125.439 1047.52 131 114 96
-304.17 55.1556 1008.09 247 215 187
-229.448 42.3353 948.369 255 240 230
-75.2365 57.251 1012.5 206 121 101
671.084 33.8743 1299.25 194 191 180
571.972 235.36 1606 120 117 104
-88.3673 282.442 1096.45 204 194 181
-87.3799 266.326 1029.68 254 254 238
-212.897 83.433 992.344 239 201 193
553.925 323.14 1475.16 127 160 163
542.407 -27.609 1230.32 166 130 121
533.404 229.154 1392.82 77 114 117
380.377 -77.8853 1144.21 104 83 73
-257.898 93.7193 960.03 215 158 138
-59.3171 147.889 1071.97 254 219 203
-224.537 225.355 977.35 149 91 70
593.224 -118.772 1168.18 203 222 202
-31.5114 247.8 1130.04 174 138 108
-37.0905 241.981 1128.5 255 225 187
-179.311 102.084 1087.36 172 114 93
413.377 -233.435 1235.74 122 67 54
635.424 316.229 1477.65 221 238 243
-303.967 172.357 1081.68 88 74 32
409.33 -86.0032 1116.64 234 232 236
565.616 -70.5554 1266.8 253 254 247
-79.989 23.5403 1059.89 156 130 108
-86.2078 54.5573 1105.62 254 248 228
495.728 30.2844 1235.37 200 184 166
-35.9197 306.316 1183.38 253 196 176
-258.354 221.798 988.164 148 144 114
-38.1566 196.757 1079.15 185 157 137
-271.279 263.233 1122.43 222 161 135
545.734 70.6982 1360.76 253 247 220
-250.128 89.9831 983.526 255 234 223
-54.5036 211.918 1160.92 185 124 114
-116.489 216.215 1109.48 255 244 223
-295.093 140.878 965.924 254 252 253
-86.0512 -33.5354 1049.09 255 249 212
670.363 27.4556 1297.9 100 102 87
-125.768 402.835 1250.28 222 224 194
430.783 -72.1983 1217.21 149 136 139
735.958 41.1034 1419.76 115 111 102
465.047 -98.3667 1149.86 187 166 145
474.142 -109.798 1269.31 164 140 134
550.655 -166.038 1254.6 112 99 84
442.566 -97.0243 1269.04 255 253 250
446.519 35.4399 1351.57 129 120 117
637.667 -79.0293 1281.41 117 132 100
-192.353 14.2996 868.487 231 183 159
445.229 -14.8711 1174.78 255 250 246
690.092 -273.633 1368.53 192 203 182
596.324 20.892 1160.29 167 171 153
716.638 -63.0963 1389.81 194 216 189
-204.533 14.4881 952.936 194 136 96
512.648 90.3965 1305.91 241 226 205
625.633 -56.3646 1228.92 192 221 199
-277.367 330.43 1125.24 217 211 216
-92.5511 375.831 1149.61 73 47 41
408.084 -92.8689 1212.77 106 82 74
-178.031 203.092 1023.25 209 191 180
-118.481 287.373 1084.21 178 172 145
-64.5708 98.8347 1113.33 237 216 189
-204.139 91.3015 1012.8 206 167 161
526.474 255.051 1460.57 89 130 148
-286.241 345.344 1166.1 138 139 141
516.04 -50.5375 1325.53 254 244 218
-234.006 350.916 1012.47 172 168 162
543.615 -125.931 1074.54 114 131 122
-91.178 -33.4937 1048.05 196 157 129
-105.237 -61.8502 1027.79 81 66 47
-122.076 307.258 1163.75 237 223 200
-103.689 212.009 1102.23 251 237 215
-235.986 58.5716 985.467 253 225 216
-276.967 93.911 903.863 126 90 82
-308.728 50.1381 1006.57 127 61 33
-211.622 14.0497 1005.45 252 207 182
-154.492 90.567 1047.78 237 191 168
-293.383 101.083 972.932 139 49 53
-66.7944 523.876 1241.11 73 93 81
536.601 86.5284 1346.73 241 246 238
468.101 103.695 1254.38 188 191 163
-250.246 258.893 1054.56 219 210 209
-260.917 82.7573 998.768 118 104 96
474.672 106.858 1255.27 206 208 180
462.625 -249.795 1247.71 202 172 163
539.25 -53.7721 1281.49 248 226 216
-28.4155 290.844 1302.68 242 229 203
