16.5043 335.6 1297.53 102 95 91
-43.6559 48.5997 1089.87 8 10 8
411.689 124.641 1741.95 239 234 229
496.473 -238.144 1594.7 208 210 193
-27.4999 21.7913 1091.72 45 41 46
-25.863 318.808 1134.76 244 251 251
65.3237 -42.1255 1153.55 94 53 42
5.69586 433.355 1255.13 178 178 174
-9.43546 346.326 1190.9 36 19 17
-7.18605 460.674 1315.54 230 228 222
514.568 275.566 1693 193 222 225
14.8798 358.057 1252.64 236 232 228
122.423 106.073 1312.53 78 50 38
59.5697 101.184 1273.02 106 71 54
24.1944 339.726 1253.4 234 226 217
520.224 -170.233 1600.35 247 240 232
27.2543 -52.4077 1223.4 255 247 235
77.5442 -47.4405 1177.73 63 11 8
61.0589 125.476 1189.89 194 171 159
69.94 113.834 1190.58 131 77 54
55.4356 109.014 1236.27 251 238 220
562.242 -15.1825 1734.8 235 228 229
482.061 -82.8093 1592.69 231 207 197
-27.1694 238.125 1180.5 101 54 45
79.0065 -38.7628 1178.19 140 45 17
65.9441 81.5251 1214.67 153 111 80
-85.4986 446.873 1362.71 195 199 181
-1156.79 -67.5406 1613.46 222 230 223
-64.9213 33.432 1040.57 61 55 42
-27.1512 270.827 1182.6 123 93 88
-80.1601 10.1297 1036.53 255 209 179
-74.6845 92.4468 1243.48 240 212 205
9.83038 369.886 1240.28 86 81 74
64.0398 168.741 1248.47 134 124 119
75.6505 114.195 1277.09 249 231 201
-43.6509 29.7136 1088.95 109 94 84
-65.79 38.5864 1152.71 251 255 252
14.9487 383.345 1254.22 223 219 218
-50.7827 142.032 1194.33 133 81 61
-62.5037 141.084 1138.82 127 88 75
7.28842 230.611 1209.44 240 221 203
22.2168 376.988 1280.11 231 225 225
-83.3836 20.448 1104.06 255 186 161
8.31929 -39.5239 1113.96 185 158 148
-33.0134 187.79 1175.79 254 245 217
44.8411 314.606 1316.6 240 233 220
67.0849 156.349 1247.99 255 247 232
11.8413 389.473 1253.93 124 123 118
578.327 -60.5101 1628.44 235 220 215
32.0187 -61.6981 1198.54 203 176 178
598.605 316.904 1902.78 94 119 119
0.126549 402.56 1161.36 85 83 75
147.71 409.142 1437.02 84 82 83
-33.0883 118.672 1196.88 111 62 51
33.3665 -52.4605 1224.63 255 247 234
348.866 103.567 1823.34 57 50 43
-73.0525 53.5695 1084.13 205 90 73
44.9082 327.868 1317.67 244 235 210
558.446 -38.3853 1717.39 249 238 240
625.369 -309.409 1650.77 178 209 208
504.437 140.281 1582.6 35 34 23
89.8479 151.296 1311.09 255 247 233
69.0126 76.0434 1273.15 255 240 219
402.153 -247.941 1581.82 76 74 81
-62.474 129.558 1089.74 250 242 241
503.891 -64.4009 1622.82 219 209 208
-27.5398 38.6098 1071.52 132 101 90
11.857 395.786 1254.31 212 200 200
520.215 -12.3607 1635.43 108 98 101
-7.46242 298.587 1303.93 251 245 241
556.587 -170.359 1602.26 224 207 181
-12.7409 375.524 1166.82 232 222 206
63.8646 143.761 1246.28 215 197 182
637.549 281.811 1828.69 123 126 125
-80.0217 141.087 1187.8 80 68 64
534.228 -92.3286 1696.04 221 201 185
2.13092 228.926 1240.79 119 73 70
413.579 -320.235 1802.88 211 210 199
85.4613 139.821 1280.7 161 116 91
39.4129 -57.9336 1279.19 136 120 110
517.362 -76.3828 1542.03 242 218 202
-70.6185 416.454 1264.57 174 168 152
592.981 -80.5347 1624.61 142 133 130
-114.595 450.487 1427.92 192 185 166
22.8131 213.556 1189.14 249 178 173
513.02 -98.2958 1620.24 129 84 69
586.189 -142.922 1805.13 168 151 142
76.9849 386.933 1291.69 140 133 117
17.8599 311.026 1250.12 255 243 232
458.946 -133.125 1453.69 69 41 36
30.1113 262.27 1217.26 118 88 80
-34.5997 436.488 1246.47 125 119 110
479.564 -130.325 1526.23 169 150 149
-50.3909 195.927 1172.61 246 231 217
808.049 -236.357 2016.39 241 250 226
550.337 -100.125 1617.92 248 238 212
-104.202 462.272 1431.76 159 160 146
554.076 -142.445 1692.78 250 245 250
-36.7277 172.746 1064.8 142 138 119
8.41821 269.775 1245.19 147 130 128
113.458 134.141 1350.22 142 128 110
14.2758 223.73 1158.3 142 117 97
703.078 297.232 2008.13 129 139 134
557.664 50.5472 1715.18 175 172 148
-167.663 3.12856 1159.29 173 152 136
11.9221 59.6427 1260.4 255 255 247
-92.1443 442.761 1360.75 83 88 68
-3.43174 80.4845 1200.89 251 219 213
614.775 -32.3398 1737.46 245 228 219
704.532 -87.7816 2090.71 232 221 221
-61.903 156.473 1117.72 84 62 50
532.674 -21.1823 1703.93 171 154 151
96.6917 167.395 1349.32 181 174 163
4.77125 393.806 1223.86 255 252 245
-61.7385 50.8714 1110.71 148 77 75
149.468 180.299 1466.71 136 116 99
-18.6007 53.7088 1168.66 255 255 247
102.894 390.743 1360.56 115 99 92
73.8249 412.461 1291.99 7 12 13
547.28 205.585 1774.2 88 113 125
533.124 -153.635 1592.22 251 242 242
680.241 -208.903 1708.87 242 247 230
668.33 -179.051 1685.1 157 167 145
-28.7173 99.4055 1162.69 122 104 110
-839.224 -54.5883 1211.86 133 145 136
-87.4553 92.4278 1131.05 75 27 21
-30.0677 318.368 1158.77 220 205 195
-56.6086 82.5152 1189.72 172 100 87
597.428 217.648 1878.17 205 235 243
-8.18494 262.733 1263.73 144 143 151
518.839 187.452 1767.51 86 112 115
139.544 17.2568 1345.62 244 219 198
360.279 -210.219 1578.53 30 33 21
16.8521 60.4347 1057.02 255 254 242
91.0768 -100.766 1325.57 84 60 43
-69.6088 217.514 1141.74 128 111 104
-121.79 66.61 1196.29 159 132 125
25.5208 423.154 1320.41 137 105 94
562.92 -40.5508 1717.88 130 109 105
605.831 -32.3105 1736.54 136 114 105
643.06 49.4696 1755 255 253 225
580.92 -82.7014 1630.11 246 240 240
74.5911 282.117 1244.96 181 178 165
-15.9293 291.995 1268.16 252 248 235
760.332 -227.644 1901.57 169 176 152
75.352 66.6465 1273.72 171 129 100
470.277 -307.439 1766.91 182 144 127
470.611 209.452 1767.13 39 48 55
29.9153 205.075 1244.7 255 246 235
-78.4937 137.236 1086.73 186 154 141
8.70455 -12.5821 1166 255 239 214
548.697 -154.201 1707.72 225 222 220
531.831 -62.5669 1628.2 233 225 216
114.443 24.2446 1205.73 244 220 203
131.269 -104.497 1332.65 242 223 201
36.9675 22.3931 1262.87 181 159 152
471.466 -115.458 1609.1 133 119 104
-40.7861 139.94 1075.21 228 203 171
-53.3724 264.648 1258.45 113 102 107
532.255 36.1511 1646.9 124 120 95
-10.3539 102.059 1143.57 182 124 120
-160.564 188.233 1257.4 70 25 3
2.74278 -11.5355 1067.26 181 126 102
-23.3585 346.782 1089.72 71 56 44
660.765 -281.719 1692.44 83 102 87
596.381 261.586 1782.67 161 179 175
170.258 105.43 1384.96 250 236 218
103.428 7.6658 1137.73 170 118 108
544.196 139.763 1669.62 74 70 39
-74.9433 112.301 1208.88 228 217 213
-35.9143 222.978 1177.61 231 194 171
554.482 -287.57 1575.46 177 204 192
73.3234 283.539 1286.51 170 163 150
113.555 82.4511 1249.76 193 173 157
-0.392987 102.868 1202.2 164 156 122
-82.2268 10.4249 1204.04 159 132 108
-71.0488 91.5147 1102.73 125 61 37
139.933 50.5712 1348.6 255 238 202
-88.271 1.39493 1146.4 225 196 171
-106.651 66.8285 1125.51 112 77 66
-85.0806 -1.28989 1057.59 221 191 162
-41.4726 256.447 1151.23 147 144 146
-25.8441 347.334 1136.19 136 127 117
638.24 -134.159 1720.46 245 242 217
-582.106 -26.3411 797.838 113 119 112
-14.1862 97.5412 1077.85 255 213 190
-50.8245 243.369 1199.42 202 185 188
-913.958 -47.9945 1276.77 134 141 134
-16.5218 71.331 1223.71 254 234 222
83.5747 187.272 1313.36 192 183 167
-41.7211 216.81 1175.94 191 184 162
630.085 -59.2455 1772.96 255 244 228
574.354 13.912 1645.05 221 218 186
-27.2475 97.176 1170.31 121 116 110
-4.68228 99.3384 1144.41 255 241 219
629.173 169.357 1882.64 207 211 205
14.3393 255.545 1159.58 253 246 240
616.551 -240.831 1697.31 181 163 148
-12.1524 254.167 1208.22 168 151 154
123.142 10.1015 1278.42 255 245 216
-42.9335 229.292 1034.85 136 120 115
501.076 -144.933 1561.41 252 253 247
13.3045 22.1377 1172.35 255 236 203
496.158 -35.7415 1599.51 51 28 19
113.563 88.0251 1263.66 208 175 150
-53.8633 1.36836 1064.01 229 205 188
26.5115 71.973 1206.43 202 160 141
649.946 -163.015 1607.17 252 253 245
-34.524 67.4537 1183.76 208 172 170
-2.53567 -76.8094 1395.32 13 29 40
491.183 -59.3878 1596.44 79 59 57
481.787 -23.2037 1549.85 149 126 118
390.803 -272.02 1763.68 123 128 120
0.0144116 20.0565 1221.33 255 234 202
639.594 261.29 1892.13 157 176 176
54.8639 223.818 1272.38 182 177 174
-37.214 67.783 1140.46 175 94 103
108.968 4.87416 1160.05 191 148 131
428.643 -34.7836 1399.63 93 74 69
-8.99893 11.608 1143.02 210 152 131
426.094 -291.104 1872.73 128 133 125
658.396 216.288 2015.8 106 133 134
551.809 -32.4844 1633.2 246 236 231
516.592 357.274 1904.11 94 114 106
124.658 176.177 1290.49 237 221 186
82.2572 -0.661205 946.72 255 244 227
-6.94933 -70.5663 1342.38 130 129 121
-102.953 67.0556 1178.42 165 118 105
319.138 -230.567 1471.05 66 54 51
688.482 -262.941 1886.13 123 108 95
-6.13046 31.429 1144.72 255 255 247
48.2458 217.403 1218.8 212 205 206
83.4291 170.825 1311.75 135 101 90
95.0289 364.103 1330.79 226 232 200
661.775 250.173 2300.68 135 166 159
182.557 115.564 1469.95 196 177 162
-26.8612 -57.3167 1338.67 101 73 53
530.42 -113.393 1697.03 145 108 100
