-32.6112 10.2249 950.314 33 36 28
-77.5378 -51.9906 1034.32 238 219 215
6.03447 -31.1263 890.878 251 255 255
-462.268 168.338 1434.34 247 220 208
-410.267 64.1491 1298.9 214 219 212
54.1296 222.918 987.801 53 60 59
-70.6942 -10.1148 860.755 254 250 240
38.5754 14.0472 857.353 194 194 179
-504.133 198.631 1488 200 187 169
-25.7415 -22.9249 917.8 253 255 251
-18.8478 25.122 841.325 253 255 251
-562.559 61.9923 1232.35 253 231 212
-75.5026 -77.7983 1077.13 249 242 237
-479.549 44.6762 1333.3 34 19 16
-21.6808 19.6514 869.623 109 108 105
-24.3287 16.9534 804.647 242 238 230
37.7569 168.908 947.581 94 103 93
-17.3926 -1.60242 869.694 24 47 38
-376.99 264.406 1486.22 222 203 189
101.503 289.926 949.87 252 252 241
-16.938 3.43038 831.424 51 58 49
125.807 474.396 1222.65 26 67 71
-552.782 163.881 1318.92 133 106 87
113.253 445.934 1146.55 80 103 102
-81.8013 -47.6231 993.217 243 230 208
-53.4503 -0.323807 938.239 136 148 143
-17.9761 69.3433 902.535 242 237 226
146.623 173.75 972.688 219 211 197
182.976 -138.327 1071.76 31 26 13
-564.842 55.841 1230.61 93 57 41
-59.48 208.724 1032.22 242 235 229
33.2499 -121.096 1071.09 248 249 241
39.4551 -50.0526 940.739 242 241 239
36.7693 24.5106 822.241 254 255 242
95.3009 206.107 957.201 249 249 233
-530.455 304.378 1426.94 252 245 232
138.796 112.176 997.807 196 186 165
-80.7429 -93.589 1075.26 233 241 235
-419.659 31.7541 1414.54 37 7 4
-52.4751 -55.2528 998.4 139 133 122
-574.911 179.541 1387.73 229 198 182
-427.376 173.708 1449.12 202 158 145
-499.216 65.4549 1095.06 139 116 99
64.9761 104.845 875.339 216 213 206
81.1769 156.374 909.988 128 128 120
186.216 517.066 1213.31 43 84 104
108.527 308.39 974.394 249 252 236
-134.636 177.588 1057.11 248 249 249
-428.571 325.428 1402.94 115 119 113
-429.395 215.621 1375.93 13 1 1
-446.362 180.195 1364.74 56 16 3
32.6085 4.18441 821.142 193 194 182
-133.935 -5.76482 912.294 213 213 194
-157.393 66.3491 944.52 254 254 252
-682.971 180.288 1417.98 96 90 83
220.921 540.552 1275.14 197 216 227
-168.322 68.9202 963.851 235 233 229
-995.83 14.0857 1415.88 69 71 61
21.1202 -112.718 1066.92 197 194 180
-93.488 216.253 1068.21 246 236 229
-465.708 345.163 1321.24 230 229 218
154.382 368.6 1020.93 58 66 60
98.3309 223.112 903.367 240 237 232
-431.249 42.7394 1376.43 186 179 169
-434.932 328.411 1400.99 230 239 233
94.1859 263.747 948.151 254 255 253
-155.931 126.743 1007.83 137 130 118
-503.631 108.44 1148.35 161 126 100
88.8694 -121.206 1059.63 221 244 240
-558.104 77.4231 1236.15 244 222 208
-460.138 174.967 1520.75 213 195 191
-490.932 140.68 1159.17 246 228 210
19.9461 67.1399 812.715 231 239 235
-484.784 31.3817 1329.37 74 44 39
33.497 -97.7818 992.761 35 44 45
134.413 168.604 950.853 147 140 128
-445.02 54.8112 1423.72 23 15 12
-56.2215 230.438 1055.76 80 57 49
88.7723 21.2381 917.295 43 46 41
-456.61 213.873 1365.21 179 156 146
-641.783 165.263 1353.9 255 252 243
-134.685 188.128 1057.64 253 248 244
-80.4973 69.2799 924.639 250 237 228
-733.812 22.7137 1048.79 43 38 25
-477.364 258.758 1528.31 151 130 119
58.2672 96.358 823.15 107 106 95
-147.424 187.639 1054.69 254 250 244
131.587 131.111 983.906 215 203 193
-646.965 91.8322 1265.24 251 230 206
-30.2821 -31.1993 930.31 71 84 84
-438.041 201.291 1370.74 95 62 49
-55.7004 44.7689 895.469 245 232 219
-530.992 90.7819 1193.32 247 215 197
-106.465 210.394 1065.08 252 244 244
-456.809 343.271 1433.88 200 202 197
-108.752 -54.4686 1008.61 221 223 225
-592.469 133.68 1372.09 242 206 189
-592.283 374.421 1418.52 108 107 106
-46.6721 54.0814 885.965 82 69 54
19.9305 61.115 812.525 191 207 189
-606.012 126.4 1224.58 157 135 117
69.8106 414.103 1136.76 138 150 147
-90.5844 296.831 1138.85 251 251 231
95.0018 270.872 936.604 232 232 224
-551.201 4.53626 1534.72 199 176 156
25.5295 65.5332 868.109 248 255 249
81.1401 149.59 909.745 137 137 132
180.949 461.01 1092.73 203 224 234
-31.4049 243.342 1039.33 124 111 102
-59.4885 218.989 1032.68 220 198 177
-119.432 223.078 1062.84 221 225 220
-595.504 106.548 1351.05 126 108 66
-592.978 113.323 1352.99 221 201 161
-24.7221 -1.56033 899.321 68 85 76
-451.859 166.228 1360.75 151 136 128
-423.314 165.078 1516.26 203 165 154
195.418 497.999 1152.71 99 131 132
20.325 4.13746 819.429 214 223 201
-752.868 79.2676 1358.79 135 107 100
-463.111 24.4753 1492.15 194 151 140
-56.913 -55.5133 980.228 104 95 72
-400.479 149.387 1455.88 12 0 0
-25.4086 -67.8666 985.068 111 109 94
-507.156 24.6752 1188.93 182 178 166
-513.629 273.369 1429.22 167 169 163
-412.74 41.0677 1434.44 137 132 125
-955.303 -8.88475 1330.1 178 185 174
-113.04 197.789 944.474 253 255 248
-26.5901 215.334 961.755 254 252 234
-27.9022 62.3485 944.013 215 202 197
-487.388 24.778 1327.41 153 129 118
-414.65 204.827 1371.79 201 186 185
-59.6772 202.197 955.131 231 205 184
-438.827 220.583 1451.69 104 81 81
-198.789 8.939 1010.94 195 189 174
-685.281 271.25 1426.75 126 130 114
-86.1518 150.504 984.725 252 238 219
201.819 484.137 1163.58 157 189 209
-51.1406 -30.2404 937.954 76 61 67
-71.5294 58.0592 983.351 250 247 236
-478.439 230.818 1235.06 241 218 201
-93.8927 -12.7223 919.692 147 137 121
-958.042 -44.0258 1292.84 107 111 99
-446.855 193.89 1366.36 213 177 167
-36.7 -65.16 1041.5 138 108 92
-490.336 254.704 1285.34 255 239 227
-85.8013 286 1073.19 229 231 210
96.6598 263.711 995.253 218 227 218
10.812 107.716 897.49 200 204 184
-80.2776 -7.07232 899.428 174 149 130
-149.905 177.024 1053.58 234 232 229
155.285 508.556 1207.51 131 160 161
125.753 299.266 976.638 170 170 162
-88.5347 348.742 1100.14 138 133 121
-72.5791 238.511 1073.8 144 133 129
-441.823 199.004 1344.43 118 77 70
85.8996 181.4 911.504 241 243 227
-103.05 193.89 983.072 252 248 252
-40.0324 -87.1402 1131.03 218 196 190
-425.702 21.8969 1351.66 162 116 104
-958.542 -28.4041 1311.53 121 125 116
-534.812 16.6954 1238.84 130 124 108
88.666 280.808 970.056 240 251 241
62.4455 196.163 960.291 247 252 253
-62.0068 188.009 991.106 205 186 177
-456.731 -16.4175 1542.31 61 54 48
-69.5786 187.849 1029.22 254 242 235
-69.993 273.451 1076 143 138 124
-95.197 -54.3039 1030.71 223 190 198
-23.6831 248.87 1041.06 168 155 147
-784.214 12.0488 1325.63 253 243 239
70.946 193.173 929.386 222 234 212
-517.696 182.093 1265.82 246 240 226
-76.3583 220.45 1010.64 207 189 179
-494.673 252.178 1363.2 135 141 128
-555.798 83.639 1237.9 151 113 98
30.9267 32.2741 839.494 245 251 231
-486.252 212.64 1227.39 172 136 108
-667.705 586.844 1811.98 146 150 145
-61.9058 65.1036 915.383 239 228 223
27.7773 91.2802 869.4 254 252 253
18.291 8.16928 819.246 133 139 112
-752.355 172.836 1535.8 149 147 140
-713.821 -37.0565 949.313 168 173 160
-429.785 69.2453 1432.09 131 132 131
-116.708 283.012 1112.63 99 100 88
-465.083 -78.9759 1467.72 60 60 49
-60.6291 65.0252 946.443 130 130 118
19.0323 10.3762 831.76 233 248 224
54.4076 23.3983 815.926 131 122 109
-114.494 163.373 1018.67 255 252 233
-731.642 29.4247 1055.27 72 73 57
82.475 236.262 901.557 246 254 239
-946.561 -25.0341 1303.68 136 139 131
-52.2468 181.025 992.712 251 243 239
-676.121 324.784 1445.6 240 244 236
-409.864 21.3394 1417.07 87 64 54
-463.602 348.115 1468.88 175 173 160
60.0501 419.645 1155.72 135 158 155
10.8623 129.968 898.289 253 248 224
-153.224 160.93 1026.92 252 238 224
-81.265 114.016 984.086 236 228 205
-651.773 533.635 1706.81 149 148 145
60.5466 189.718 940.748 237 250 231
-436.541 209.847 1192.53 192 194 184
-21.6501 -54.336 876.734 254 220 216
-752.014 30.3376 1271.76 242 235 233
-144.91 192.921 1055.55 159 154 151
-485.467 266.854 1360.83 63 64 50
0.279442 -122.661 1123.1 199 159 149
-600.239 35.9684 1279.41 211 166 124
-398.893 189.185 1640.88 104 95 88
123.162 272.929 1007.5 34 26 8
-597.725 311.209 1328.83 132 141 116
-522.645 -73.5225 1361.53 144 121 100
97.9348 310.707 985.673 244 247 239
-87.4779 100.176 945.884 255 255 247
-614.75 110.698 1217.62 194 165 150
-98.8395 269.182 1069.6 108 104 95
-958.908 -64.8005 1267.96 191 196 185
102.303 222.915 973.607 168 166 148
-104.136 252.101 997.772 233 235 214
-654.072 161.993 1340.84 209 197 178
-116.72 162.397 1094.91 250 243 229
-87.1733 229.039 1049.07 222 202 192
-441.167 -44.2227 1336.86 124 155 147
-27.9385 106.546 923.046 251 237 212
-706.771 302.839 1522.63 234 233 214
-46.5156 13.5518 939.773 131 129 125
-358.505 247.257 1573.54 144 123 101
-6.57001 -104.678 1065.64 194 169 156
70.3227 -83.8794 1017.69 58 109 110
-443.832 -36.9561 1450.33 71 68 57
35.3163 88.2976 842.125 250 255 239
-79.6986 213.036 1028.28 136 135 134
-460.742 180.786 1178.27 124 110 84
-111.968 148.3 1018.49 253 244 217
-427.825 207.437 1314.58 226 212 203
-774.361 65.1985 1343.19 250 242 241
33.1845 79.9615 841.54 234 241 221
-764.839 126.211 1522.45 240 218 205
-14.7892 261.047 888.056 165 164 151
-76.4975 143.387 986.352 249 244 221
41.0757 -71.0986 995.581 46 66 63
97.4206 513.231 1197.24 156 185 186
-138.214 93.4157 971.45 255 252 247
-111.575 85.8525 954.435 214 187 168
-518.137 209.443 1339.94 176 154 131
13.0595 65.1424 876.277 150 169 148
-103.913 223.757 1066.31 195 184 183
-21.8493 189.287 961.699 255 254 240
-66.3999 67.3139 914.657 147 145 137
-582.781 140.916 1360.74 171 127 79
-86.2821 216.517 987.393 137 123 113
-761.581 -25.8863 1255.95 242 224 202
-95.7236 138.01 982.251 251 244 216
-42.4551 178.909 994.504 166 159 150
37.8049 121.475 902.246 224 235 225
-578.796 28.0915 1221.15 186 144 103
261.308 148.513 1172.48 83 43 29
-69.7098 48.1123 840.189 229 215 206
-507.634 363.863 1534.68 197 188 175
-145.326 218.075 1123.49 212 217 219
65.1043 124.35 847.487 216 225 204
-136.759 190.385 1015.05 251 248 252
-37.2231 57.7026 942.302 182 178 168
-103.772 178.741 1064.04 173 156 153
99.577 358.438 1080.4 178 190 171
-379.548 -37.7482 1224.88 75 84 78
-974.33 -16.4513 1611.04 204 197 180
-5.77544 325.978 1091.35 252 254 243
1.81538 78.1073 864.95 177 177 163
-37.9282 51.9354 887.369 116 109 97
-160.283 79.6554 1022.4 222 212 211
-90.5687 285.374 1138.48 224 218 200
-509.616 281.731 1353.2 177 153 144
51.7419 327.256 1002.4 252 252 245
-122.739 -41.4717 1025.63 180 166 143
-955.502 -78.6249 1246.58 180 193 180
-698.621 -16.3714 1222.85 241 238 221
57.8871 87.1407 891.309 248 248 230
51.3232 410.536 1153.68 161 177 176
-14.1146 94.5373 816.299 157 150 126
34.0264 112.762 911.984 243 245 237
