-44.5207 29.0836 1161.24 30 20 4
-50.2462 34.7772 1160.49 255 251 224
-34.5836 509.284 1250.12 46 46 48
263.068 -57.0607 1681.32 255 248 232
129.751 271.958 1926.76 252 254 237
-62.24 492.925 1134.6 225 230 216
-48.3442 448.789 1236.48 251 244 242
-94.9649 312.099 1071 69 56 51
-78.8082 409.269 1127.65 193 185 183
-66.5072 443.073 1180.65 73 56 48
-46.5129 396.743 1212.66 253 237 225
-49.5035 402.668 1212.46 98 65 54
-67.4392 444.233 1211.59 248 241 231
-1.10394 250.84 1301.21 91 89 88
-183.76 525.046 1244.41 177 176 171
-44.4244 464.918 1166.06 103 90 81
-21.517 40.7489 1166.9 151 98 65
-55.5989 24.3934 1211.01 163 159 164
237.111 44.6418 1612.39 240 226 219
-65.1411 479.921 1185.38 218 216 208
-67.0659 406.605 1109.1 97 94 91
-99.8204 278.423 989.064 210 193 190
-13.2949 204.599 1235.42 136 81 58
23.5434 485.893 1311.76 61 61 60
-113.941 133.472 1059.42 161 66 49
-78.6537 313.446 1123.08 95 97 93
253.457 -21.8597 1686.06 227 215 208
-166.574 148.624 1093.36 194 170 157
-49.9625 454.551 1243.86 134 123 123
-208.249 541.375 1300.09 133 129 121
288.745 -57.1786 1685.11 255 248 224
-121.872 221.683 1108.31 56 24 16
-72.9496 435.91 1157.73 212 194 181
-108.896 162.65 1062.16 190 127 119
-23.8116 502.204 1247.91 158 163 170
-104.151 238.031 1089.21 109 102 97
329.613 89.6207 1938.44 251 247 243
-103.607 128.508 1061.39 157 120 109
-68.2427 48.6341 1185.07 255 249 232
-16.2978 250.898 1238.31 134 116 96
-184.483 104.806 1086.29 164 153 141
205.745 360.013 1963.81 54 75 73
-108.768 128.373 1060.26 250 229 198
-51.1833 396.545 1067.35 219 224 217
-48.6199 513.27 1376.46 232 227 216
-118.949 104.503 1056.66 155 74 52
-16.0103 223.46 1264.48 150 113 106
322.025 32.2101 1801.65 255 248 243
-182.507 135.99 1111.13 174 170 158
-85.0176 274.509 1169.89 255 236 203
-33.0246 165.455 1174.06 255 242 223
218.118 1.05616 1686.58 154 135 128
145.107 -123.014 1648.21 86 93 95
-56.3086 344.029 1180.48 122 120 118
319.662 -184.074 1746.01 203 225 222
260.939 95.6112 1705.07 116 100 103
-89.6247 347.158 1147.52 122 122 125
-214.671 589.348 1410.99 76 74 66
-21.4098 154.094 1175.68 255 230 213
-7.134 220.29 1237.97 154 130 120
-13.2993 489.34 1227.21 137 144 160
-86.4348 438.981 1234.55 255 248 249
-53.4336 515.071 1268.23 103 86 82
326.637 291.133 1974.41 129 132 125
-49.9718 485.892 1245.5 120 115 116
-42.6645 395.037 1134.79 247 242 239
-10.262 186.215 1234.61 142 103 77
-30.059 360.071 1161.85 239 233 218
-71.1973 460.544 1148.1 239 238 234
286.967 110.954 1817.8 71 48 43
283.86 30.4325 1703.59 253 242 220
304.355 31.8199 1669.01 121 116 113
-16.6866 236.657 1204.83 247 231 221
-19.4554 167.444 1231.11 173 130 108
255.685 -17.3406 1650.43 249 244 241
149.373 -117.561 1749.04 74 75 60
-78.6971 173.061 1061.72 119 96 96
-86.1592 43.929 1104.98 108 74 55
-23.7031 181.866 1290.09 163 114 88
-66.5433 482.451 1136.3 77 49 34
-51.8961 360.578 1363.94 132 105 87
-41.2795 391.954 1133.99 225 209 202
337.38 -184.278 1748.09 206 209 197
-77.212 346.211 1121.6 157 109 110
263.16 53.428 1769.52 130 86 83
258.633 72.8386 1621.15 235 213 213
-10.5928 50.9514 1317.6 173 88 48
275.525 38.803 1704.1 142 125 113
-53.8095 319.139 1201.84 240 225 210
27.4317 99.4378 1293.27 180 161 123
-120.548 91.8224 1075.68 247 218 194
-48.5265 347.015 1363.61 233 194 187
214.405 391.947 1863.31 68 93 98
270.688 237.532 1653.55 111 104 87
301.954 62.2016 1903.57 244 230 229
-62.0644 305.267 1176.94 161 134 123
-83.9038 192.082 1087.76 161 130 123
-81.1246 184.571 1115.26 228 190 183
-95.2958 108.656 1098.11 146 149 154
-116.343 185.98 1107.47 133 128 111
258.003 -13.5366 1688.22 172 141 140
-88.2572 47.966 1205.76 210 176 157
-104.694 31.5056 1257.06 164 161 159
-106.704 218.825 1087.17 166 113 99
249.695 331.109 1965.53 109 133 130
-78.5389 403.244 1154.2 156 148 151
352.136 305.15 2086.65 227 226 218
268.693 8.86427 1610.69 218 190 165
271.036 507.351 2009.95 132 149 141
-108.683 165.126 1095.95 198 182 171
-34.6592 160.846 1227.27 249 224 207
249.44 96.9505 1807.85 176 159 143
177.041 409.643 1858.76 39 47 48
106.316 -88.4253 1646.85 41 44 21
-73.0461 48.8754 1156.72 198 181 164
-118.839 144.608 1104.34 255 224 210
-64.6548 157.365 1117.11 255 239 226
-202.267 492.927 1201.86 151 140 128
-405.391 -101.872 669.6 23 17 12
269.134 322.41 1859.85 120 147 153
-117.662 214.763 1041.57 188 157 148
-91.8547 245.483 1190.21 201 175 147
153.204 -100.656 2179.87 33 10 3
-8.20081 538.988 1351.54 6 8 11
246.382 76.7888 1619.86 93 73 65
-168.405 120.09 981.506 159 156 147
-62.1043 340.697 1179 236 229 221
30.4563 108.055 1361.11 229 208 194
-132.63 229.495 1106.26 204 174 163
-239.423 320.226 1246.31 103 31 25
134.699 60.292 1776.32 28 34 14
-25.6624 0.534256 1215.25 98 73 68
-66.3938 400.829 1176.43 145 137 123
-61.5443 304.862 1059.71 192 185 184
-243.608 -45.0675 336.126 147 146 138
197.736 -2.70213 1417.22 196 177 170
318.585 -152.375 2152.2 70 56 46
-78.6513 450.043 1157.38 146 142 132
292.671 27.2846 1918.62 219 200 184
-287.919 -67.6982 461.873 134 136 130
-61.367 305.55 1150.72 241 206 190
-56.0987 141.46 1167.36 253 253 254
-68.4578 400.464 1297.12 161 134 120
216.872 311.2 1847.57 97 127 125
-89.0505 103.144 1082.98 255 251 240
-106.127 112.705 1059.93 191 187 172
-119.3 74.7109 974.527 141 105 81
172.277 328.756 1572.48 67 94 96
-107.264 117.895 1134.91 236 229 217
-81.1387 190.126 1115.59 174 129 117
-66.1985 344.132 1123.9 251 225 206
-114.102 173.027 1061.59 154 82 53
-119.294 183.39 1061 221 209 209
-80.9674 123.671 1111.43 168 156 155
-11.1696 38.3815 1279 207 115 83
306.79 73.4535 1681.06 189 164 158
-70.5104 365.681 1054.3 251 253 254
-87.184 548.192 1251.17 167 162 144
-28.5713 197.878 1231.57 234 207 187
-48.1467 307.306 1219.61 115 77 76
-114.078 40.7444 1477.52 63 38 11
9.00158 92.7521 1055.12 255 251 230
-346.462 89.698 1153.82 85 68 55
10.9954 6.89196 1280.38 255 236 220
-106.769 34.3403 1148.11 137 122 98
214.586 494.012 1995.71 78 99 95
-93.067 129.847 1083.26 186 182 179
-50.3564 147.408 1169.05 255 245 246
-168.808 92.1073 942.908 129 109 100
-126.485 75.5956 1053.33 225 207 182
26.9342 149.356 1487.49 253 242 217
23.4455 144.026 1238.15 218 176 161
-173.142 160.071 1146.21 107 72 61
-72.8438 146.002 1114.63 255 236 207
235.101 -121.987 1662.69 87 77 60
