96.875 -30.2535 927.115 77 85 81
-19.4939 -1.55445 968.602 49 51 49
-32.7362 -3.62407 1004.21 236 210 196
-14.937 -2.84018 954.34 220 242 238
93.5862 -31.902 903.129 73 76 72
-6.06775 -17.2684 1030.08 2 0 1
-98.5098 58.0484 920.89 212 217 201
-196.387 157.041 1447.44 149 121 109
-232.165 48.9086 1422.26 117 91 72
-34.0503 -16.9489 1025.08 255 253 251
-9.90388 -15.537 969.713 69 61 65
-228.923 56.0195 1424.22 210 189 173
-193.029 164.427 1449.4 242 218 208
-83.9512 229.492 1116.77 117 113 110
-177.163 133.952 1266.12 255 251 239
-158.831 335.192 1655.58 142 142 139
180.037 -22.6741 855.129 230 246 241
-101.353 33.1882 992.481 168 157 144
-262.215 -110.256 1204.39 221 197 167
44.2427 -29.3767 1057.66 156 140 134
-189.711 175.417 1451.81 151 120 91
188.631 -25.1624 881.087 43 42 30
69.3504 -19.9955 916.186 205 179 162
41.827 -26.514 1041.83 115 97 94
-135.474 4.96472 968.004 66 58 46
-140.746 91.8842 932.013 255 244 234
-305.355 -125.791 1437.65 164 136 95
