-149.754 142.604 1052.04 40 9 6
445.337 47.6052 1086.03 233 224 221
-131.341 192.713 1077.82 40 32 28
-25.8731 348.092 1136.71 229 225 214
-204.422 141.251 1014.86 255 240 210
-210.456 152.49 1057.72 73 34 14
-221.602 111.957 1033.03 253 240 213
-213.939 125.872 1012 78 43 23
382.31 -216.354 1085.98 227 214 207
439.478 -170.59 907.997 226 226 220
-281.13 291.68 1006.31 94 70 63
-228.325 135.438 1008.96 255 243 225
558.916 -189.579 989.131 217 233 224
488.928 19.7034 1048.78 247 232 227
-197.238 133.292 1040.25 104 68 51
-284.27 379.016 1150.18 78 71 59
-279.967 327.456 1124.38 141 139 136
574.722 -203.255 1015.84 219 227 220
-276.354 -8.76609 991.356 235 216 201
396.641 -208.342 1045.34 224 201 195
-234.215 44.7691 912.225 51 34 19
423.187 -70.2053 1059.21 228 231 223
-289.422 -2.70106 1004.12 240 243 231
392.576 -52.0258 1035.48 255 252 252
-127.004 198.247 1018.02 255 243 232
-259.443 371.855 1132.86 212 205 203
-117.12 383.734 1118.7 227 231 235
-192.593 172.353 1043.59 254 242 230
-318.365 388.448 1229.23 30 18 10
-195.397 6.80309 954.877 102 17 10
503.219 -73.1278 1080.23 255 250 239
-231.092 311.033 1063.66 244 241 227
-249.433 46.3211 943.878 85 54 43
466.419 -80.4648 1021.32 252 249 239
-258.39 60.0954 998.56 117 118 100
385.714 -89.9891 1031.14 179 169 164
-354.496 210.481 1094.64 255 251 221
-256.267 335.724 1058.7 224 223 220
383.592 58.6431 1045.26 211 205 198
448.549 -175.113 908.104 214 208 201
-228.876 178.359 1079.81 237 202 197
-205.5 163.188 1059.39 98 76 58
-95.1227 312.353 1119.97 64 23 9
-85.3026 383.505 1176.88 187 184 188
-216.768 117.232 1034.53 78 42 19
-125.128 353.306 1068.67 46 38 33
658.31 -0.0583751 1123.8 79 104 92
556.304 264.003 1295.28 176 200 207
-115.761 220.988 1018.75 224 213 202
469.018 -198.594 985.977 186 176 160
-191.29 303.1 1096.81 254 247 222
421.672 -225.849 1134.09 253 205 185
-73.7569 375.516 1179.05 47 52 42
375.511 -30.7333 1058.06 254 252 243
-223.628 145.62 1010.5 243 223 211
462.108 42.2683 1087.42 227 199 190
-315.608 361.307 1139.27 100 92 78
-248.933 345.535 1018.49 137 135 130
-261.603 -6.11832 955.662 164 154 146
-129.958 223.867 1106.98 224 205 188
651.545 344.987 1281.35 38 61 77
341.341 -205.19 1129.06 30 36 35
556.148 267.435 1237.45 22 57 70
-122.273 282.225 1204.14 174 170 155
-219.614 160.891 1036.29 107 94 71
-118.928 34.7389 1011.12 232 229 202
-365.589 146.568 1082.48 74 34 28
-265.685 308.568 1077.97 230 219 206
599.245 -136.485 985.395 244 255 249
-216.332 527.681 1236.78 75 76 72
584.007 57.9511 951.63 181 181 171
-385.459 65.2827 985.239 239 236 229
-372.24 158.148 1061.61 106 70 57
628.005 303.956 1437.79 217 244 246
-178.55 268.992 1009.83 254 255 244
-129.1 235.215 1128.66 88 69 71
-251.145 322.795 1059.14 220 212 196
-203.595 98.0029 995.426 107 61 35
576.339 137.662 1178.37 249 249 230
-114.472 43.0404 973.916 254 244 214
479.418 53.499 1072.69 244 218 210
432.458 -245.316 1132.93 203 179 162
376.75 -81.9072 993.703 251 253 250
-241.049 116.522 1028.36 214 173 163
747.959 97.5128 1209.13 239 243 233
-267.074 379.537 1122.29 148 143 138
645.485 395.265 1479.93 64 101 113
461.29 -248.737 1134.66 93 65 60
-257.931 323.116 1153.48 205 215 199
-218.868 148.298 1011.74 135 95 80
-317.559 375.503 1170.34 127 121 108
-241.591 3.62342 1043.36 93 56 47
-116.662 257.811 1112.09 51 42 34
-253.679 55.2551 999.527 243 219 204
479.598 -78.0857 1022.37 87 63 57
-288.223 395.176 1100.51 84 74 59
-361.382 80.5504 993.269 113 105 104
710.322 78.2634 1150.42 204 213 199
343.308 -243.682 1188.35 177 181 179
683.504 -33.2228 1117.73 241 255 251
-162.492 160.493 1050.09 153 131 103
408.371 -29.2967 1104.46 205 190 191
-350.1 68.0721 955.814 238 239 230
422.823 -80.6025 1058.35 204 187 184
-328.433 272.686 1078.6 136 122 123
-121.994 243.632 1110.02 50 26 17
-373.203 75.7895 1028.93 103 92 92
418.25 119.37 1115.51 182 167 140
-318.013 219.888 1013.68 113 92 72
-184.424 37.0246 975.06 227 187 170
-192.749 -2.5458 919.802 82 29 12
631.355 334.912 1279.13 82 130 159
-56.2551 228.011 1056.07 250 238 220
-256.982 88.595 1043.26 96 90 85
356.132 -23.0055 997.724 139 124 118
-99.656 110.631 1081.2 249 241 228
524.469 43.9242 1167.44 92 62 69
-111.677 381.359 1119.82 118 121 123
436.38 -2.17055 1065.42 255 236 218
578.397 294.772 1362.64 119 141 150
-396.647 108.183 1023.62 137 130 118
-348.006 145.728 978.809 107 80 73
367.696 -67.1767 1014.77 255 254 246
-315.69 269.781 1037.13 158 144 141
-182.712 183.199 1046.58 134 124 117
627.834 197.825 1225.11 238 243 238
444.168 119.563 1118.01 82 77 62
657.03 -34.882 1076 243 255 249
663.6 -31.3814 1099.23 224 238 237
-64.779 224.204 1121.58 245 234 215
392.549 11.6821 1106.03 239 213 208
-331 99.4268 962.717 125 108 89
-265.856 270.412 1049.15 255 253 250
-214.897 181.791 1038.64 233 216 201
-265.311 276.116 1076.15 126 120 115
393.55 -159.955 938.369 191 187 184
-111.599 28.6747 901.915 255 251 227
398.214 36.839 1085.55 189 173 160
-365.135 62.8851 986.411 100 99 91
-371.939 98.1968 951.017 246 244 241
-290.234 280.78 1003.09 159 154 154
386.608 -22.9646 1059.63 155 123 134
-153.973 42.1345 981.879 254 244 231
387.507 -46.8996 1035.64 100 91 89
-341.953 133.168 1001.89 231 222 209
-396.243 39.183 940.982 239 235 212
506.735 259.773 1208.91 217 240 248
336.918 -148.415 1006.05 153 150 150
-263.755 289.102 1126.34 119 115 113
713.839 363.74 1401.74 188 216 233
-101.907 95.3148 1017.98 254 243 220
432.32 -84.7854 996.727 232 206 187
-54.1837 270.334 1146.55 244 225 215
-145.429 54.1431 1024.69 255 248 223
-245.759 106.179 1026.57 240 200 182
603.642 182.665 1158.82 155 160 156
-275.3 426.149 1211.24 88 59 53
391.817 15.3354 1082.92 248 234 230
-200.48 166.014 1060.72 209 191 171
598.113 -129.463 996.971 212 222 216
-119.231 162.001 1060.07 255 245 247
473.981 -23.3541 1066.78 250 227 210
-151.827 394.382 1187.84 101 89 82
-258.949 215.728 1029.3 255 248 240
-135.953 362.638 1113.31 226 220 202
-231.502 129.614 1031.53 129 98 83
363.715 -227.542 1129.02 214 208 210
-348.698 198.036 1023.95 244 241 223
431.906 -227.921 1088.69 100 109 98
-347.018 66.2491 1018.08 255 246 241
-117.003 51.7856 1003.19 255 221 191
-68.7536 223.017 1158.25 166 133 119
-269.968 445.359 1214.62 112 114 112
-53.6661 236.098 1057.18 165 130 108
-82.942 157.986 1067.7 248 242 226
490.496 -139.991 945.466 90 79 76
523.176 -143.421 1059.54 109 100 97
449.608 41.0576 1028.75 201 204 197
418.66 -244.035 1181.57 48 20 16
379.888 30.1512 1042.4 122 109 104
-138.063 69.4695 1026.92 179 114 94
-54.1794 258.898 1146.09 236 213 196
626.146 -164.304 1021.47 213 221 210
-150.87 61.199 996.43 253 223 223
527.173 -125.708 1074.68 201 205 198
-143.166 354.621 1064.67 197 183 179
-101.566 90.5575 1050.03 231 210 189
-378.072 83.9063 948.506 220 204 194
-400.941 68.186 1068.65 139 131 124
-341.636 202.944 1042.76 80 73 47
562.729 -240.961 1078.92 77 113 101
356.502 -46.9456 1008.11 252 245 251
520.845 53.5577 1075.73 135 116 114
-28.6901 330.818 1135.24 236 224 207
455.225 -76.9937 973.134 131 105 87
-277.877 248.711 1045.16 122 115 110
-282.74 272.179 1071.2 128 122 122
585.573 299.902 1168.28 85 120 140
-234.929 232.626 1036.4 183 176 176
339.874 -258.739 1225.95 176 165 155
-206.62 182.205 998.98 122 109 93
-78.5762 175.873 1088.54 255 248 227
642.135 385.993 1522.13 162 196 212
-101.756 310.229 1137.87 230 232 222
-300.413 92.6572 1032.1 255 247 237
599.034 -48.6088 1031.25 121 127 108
-349.128 53.7583 974.555 254 250 242
-184.619 58.6602 1016.12 223 174 161
-105.599 75.1097 1034.06 232 208 186
-292.074 369.479 1147.04 227 225 218
-273.668 267.115 1021.67 216 197 202
523.23 18.8901 1138.28 254 240 229
-191.647 18.4874 1012.87 134 60 27
485.569 8.16272 1184.47 255 251 253
512.353 5.98939 1115.76 175 163 156
-262.355 -114.923 1181.78 148 153 148
438.48 37.6581 1144.91 135 136 139
-376.831 75.2562 988.383 145 150 145
-289.604 270.297 1117.88 255 249 246
-292.645 246.995 1022.16 160 150 151
-43.4959 267.09 1081.91 229 213 197
530.584 1.46658 1048.88 255 241 227
405.456 -162.828 922.014 193 192 183
583.875 -257.082 1101.98 165 198 192
415.808 -179.301 1009.68 135 135 124
-130.68 89.9749 1029.36 255 233 211
-212.261 161.186 1038.14 188 174 152
518.297 -0.621016 1241.9 255 249 245
-182.998 -10.8851 958.421 255 220 192
-386.161 62.6252 945.088 91 67 54
-318.607 275.655 1134.48 242 228 230
-293.783 254.934 1147.81 221 192 176
623.542 -98.9693 1039.42 212 229 215
-297.297 50.3136 931.999 255 234 225
-185.539 400.777 1234.44 228 237 202
742.954 34.579 1205.92 219 231 219
494.49 66.9806 1118.97 127 104 86
-332.578 54.181 960.081 166 150 144
427.175 -278.67 1232.02 166 151 144
490.402 -195.313 877.967 159 220 218
422.979 -97.2977 1116.59 72 63 60
-90.0017 149.341 1100.64 201 165 149
-81.3727 284.975 1121.58 255 248 219
328.523 -236.303 1173.96 136 132 119
455.69 -30.9441 1052.54 253 241 222
526.799 -68.2083 1066.62 220 204 195
-241.184 512.468 1248.02 28 26 22
-321.932 -0.182009 1088.51 216 206 198
404.537 32.1738 1064.99 198 191 196
-324.427 304.153 1163 243 226 212
-304.607 315.416 1043.78 252 250 250
-290.125 289.365 1091.37 254 245 237
-267.885 -114.767 1180.25 49 51 46
532.88 92.2128 1123.69 159 154 149
560.652 266.812 1341.33 82 115 122
663.029 309.817 1518.33 206 243 248
578.641 259.949 1268.23 116 152 154
370.098 -62.6725 943.532 233 235 232
-176.289 357.306 1057.16 216 205 186
-67.2992 203.971 1073.62 250 245 237
-177.567 162.527 1046.65 137 111 90
-128.682 57.2976 971.683 253 216 183
-194.342 7.17485 868.057 249 217 203
554.4 322.461 1298.2 34 67 77
-81.3411 140.853 985.406 255 241 222
-362.826 58.3768 951.715 246 229 208
497.545 -223.574 973.36 136 158 153
-64.788 229.831 1121.91 246 236 220
-317.218 112.615 1028.49 242 193 166
400.41 9.47053 1042.07 201 179 174
-27.1347 352.121 1187.95 169 155 139
-88.115 141.925 1065.64 228 209 202
449.706 -248.49 1133.87 130 101 92
-99.1158 295.842 1095.11 113 98 79
-162.816 212.931 1052.93 255 253 242
462.291 -60.8993 949.987 218 204 193
-125.551 76.6539 989.139 253 214 179
-73.8369 188.11 1105.09 254 234 217
-229.29 3.65331 1046.42 67 36 25
521.006 -151.279 1030.72 75 65 53
655.535 -103.057 1069.37 240 255 237
-195.296 200.889 1044.52 166 141 134
-341.877 128.197 1001.63 178 170 163
-151.968 35.1287 956.511 240 220 205
421.921 -231.604 1100.25 139 109 94
520.727 -138.227 1059.89 102 95 92
520.797 107.967 1171.98 162 157 147
-86.7583 245.449 1118.1 178 141 106
578.9 281.164 1386.89 80 112 130
358.108 -56.855 1032.48 201 185 173
-122.481 337.5 1068.49 233 241 209
-299.003 388.02 1123.02 130 126 116
-364.708 147.117 996.084 243 243 243
520.613 -138.727 958.916 161 160 157
-111.507 162.28 1061.79 255 246 214
-248.987 203.832 984.099 165 157 151
536.346 45.4613 1108.18 198 177 171
338.316 -159.242 916.326 120 110 92
439.074 -112.805 1016.87 172 169 165
511.551 44.9853 1065 141 113 107
584.583 116.582 1118.72 254 253 228
461.645 54.6535 1238.7 251 253 255
631.452 -32.78 1048.02 203 218 211
400.194 -18.4113 1104.55 207 202 193
498.558 48.1822 1073.78 150 124 117
336.016 -236.475 1175.19 86 55 54
-237.49 90.2871 1004.9 190 172 168
454.144 -14.3839 1084.31 235 200 176
-135.181 104.717 1089.54 210 141 113
-138.444 179.207 1031.21 250 255 247
306.484 -227.853 1138.51 156 150 133
576.251 257.884 1296.76 68 107 106
456.111 22.6767 1180.32 159 158 165
-116.834 425.999 1254.84 126 140 141
-220.441 254.288 1041.21 196 184 187
516.417 36.4734 1118.43 95 82 88
363.845 -17.0868 1017.83 236 222 209
565.292 -141.198 1021.43 147 146 143
-275.273 93.7635 977.389 255 241 232
487.813 134.709 1189.71 189 188 167
649.686 78.0065 1072.49 185 207 197
-328.904 247.541 1056.77 222 210 197
-390.278 126.857 1030.53 253 246 238
546.6 73.4418 1223.56 252 241 221
-318.413 100.492 984.787 249 243 231
-130.33 74.1291 988.051 235 224 209
-145.973 74.3398 1007.42 252 228 215
-94.3512 541.647 1301.79 29 43 35
619.731 -84.1418 1082.45 168 172 157
480.716 -83.5946 1077.93 252 252 233
-301.848 61.6712 948.014 255 245 242
-319.753 78.2369 964.769 237 212 201
-343.11 124.488 1021.91 140 133 129
-356.877 76.1482 1033.5 181 154 151
-329.354 73.4741 980.735 237 212 204
-129.01 94.7098 1012.2 255 239 220
657.195 -116.371 1140.39 134 134 125
-184.157 -13.4399 973.287 179 125 98
-302.15 254.002 1020.01 221 215 213
-189.442 395.366 1152.56 154 144 125
434.667 6.9547 1041.09 255 253 255
379.318 -68.4981 1011.79 172 170 172
-335.902 233.822 1053.88 163 138 114
591.375 319.961 1301.6 130 175 177
703.277 29.701 1143.8 187 207 192
681.467 -117.368 1180.94 99 99 90
-225.673 586.534 1366.37 112 114 109
-356.227 66.0599 1015.47 225 197 187
-296.007 236.862 1055.81 216 178 168
-137.942 -33.2366 957.636 231 217 176
-228.511 235.928 1056.92 163 146 144
-224.156 92.0948 912.515 194 135 123
-343.954 91.9259 958.716 137 152 151
-183.732 -124.13 1119.07 64 57 48
-83.1684 259.402 1073.31 251 193 178
489.907 -20.4692 1129.86 168 162 139
463.549 -24.2072 980.137 239 215 202
553.63 -258.672 1076.92 115 120 128
558.283 335.281 1362.99 66 95 107
498.487 -1.07991 1047.1 231 217 216
-357.794 184.778 1020.77 246 240 226
-275.679 329.807 1069.09 222 221 214
709.146 92.8774 1169.24 206 224 218
-238.088 199.471 1100.57 174 172 175
437.915 99.3964 1014.34 111 99 82
-282.083 59.656 952.911 255 218 211
-361.658 97.7899 994.141 220 209 214
-215.627 129.783 994.148 193 132 118
394.98 -180.449 1047.69 139 137 113
351.998 -58.4401 1012.48 181 161 149
-289.041 59.5025 988.378 255 204 180
368.59 -13.9705 1078.1 212 162 148
-211.091 467.103 1370.55 88 84 75
-327.077 235.361 1078.64 195 131 98
-310.772 47.9145 887.046 254 254 242
-279.77 91.2318 976.092 191 182 172
587.82 156.41 1233.31 195 181 161
366.164 -15.0888 1050.28 119 75 61
576.859 350.126 1355.34 146 182 199
-97.2472 223.708 1086.55 243 215 205
386.668 -67.2147 1033.53 249 247 249
644.459 354.31 1405.31 86 149 147
435.448 103.118 1012.17 215 210 185
682.208 255.768 1287.81 115 137 134
-162.835 -19.99 941.402 186 153 121
323.877 -210.23 1126.87 86 80 69
-235.028 104.34 931.373 190 147 128
-192.187 -17.0173 1048.84 194 138 108
-144.643 78.7563 985.216 252 209 192
-110.547 268.98 1085.41 235 233 227
-106.315 146.922 977.678 252 231 185
-109.205 62.4027 1014.67 211 177 159
-151.602 280.888 1105.19 209 208 213
-319.937 92.5578 965.428 255 225 204
-72.3334 329.635 1035.58 255 249 237
-235.859 80.9457 1027.69 195 185 177
-205.716 68.4101 993.414 197 164 150
-118.267 115.775 1033.07 205 167 135
437.978 -124.863 902.511 169 159 148
488.211 98.3612 1071.38 247 247 249
541.693 -37.9207 1029.24 189 189 176
489.209 137.285 1280.06 154 145 119
-367.577 189.238 1059.19 163 164 142
449.461 -112.364 959.307 161 156 141
-309.417 61.5784 982.791 250 185 168
570.877 -44.0023 1086.38 223 226 208
-141.869 93.1726 1050.97 249 234 229
466.602 -16.9183 1085.46 143 101 85
-93.7924 367.862 1120.52 255 250 248
-140.993 292.607 1108.38 246 241 235
596.92 237.07 1239.26 146 178 183
-185.542 214.319 1066.32 253 243 234
-315.104 238.588 1034.86 181 88 77
-180.907 -17.614 1088.87 167 144 117
301.073 -183.936 1018.58 171 174 161
361.378 -242.78 1176.57 140 143 141
453.748 60.8306 1270.13 127 112 115
-319.077 237.604 1058.94 217 145 120
-140.242 -37.9267 957.046 187 165 132
385.163 -11.5886 1123.23 162 134 119
-88.4148 180.643 905.401 236 218 197
-170.757 351.399 1074.94 191 203 167
-142.776 11.1666 1023.46 244 211 157
-138.095 28.1489 959.165 253 229 189
519.829 -25.2002 1086.65 162 124 114
-256.406 101.211 1110.15 190 159 144
-84.753 163.804 831.648 170 156 133
-317.221 201.128 989.461 207 191 167
-338.564 138.448 952.936 225 221 226
-133.192 7.65103 915.56 208 159 105
-170.982 280.081 1027.69 165 158 132
542.911 -51.9603 1084.42 216 194 174
-175.362 220.136 1068.93 255 251 229
-177.762 247.073 919.808 252 255 237
459.81 -120.664 980.189 183 169 140
-137.438 40.8515 1008.89 252 212 177
569.736 122.921 1176.86 233 228 186
