96.9598 -19.2952 936.25 249 253 252
-86.8803 50.456 841.283 199 184 167
-26.5306 -13.157 1026.68 255 248 245
-0.468725 -14.7232 1050.59 25 9 3
104.005 -24.0038 936.974 76 83 76
-224.127 26.2578 1570.25 41 25 17
-5.17853 -13.8992 970.563 157 125 119
-199.546 218.736 1735.16 255 244 231
-12.6524 -0.878018 954.788 85 84 81
-192.518 152.662 1526.94 210 189 176
-13.2112 -10.4263 990.396 68 50 43
-25.4577 -0.7031 988.805 250 170 150
-172.175 126.705 1317.97 159 124 117
46.2679 -24.5088 1015.63 225 178 162
-92.9489 32.1317 955.739 142 140 120
-23.0181 -7.93915 988.831 179 102 79
-201.784 182.03 1653.1 235 241 220
-212.282 66.937 1431.09 163 134 111
-195.81 108.83 1441 171 144 128
-222.896 60.6479 1485.8 228 214 195
-273.494 -127.476 1342.04 251 225 205
-288.496 -138.098 1443.8 117 101 76
-218.783 49.5647 1426.84 180 157 133
-201.914 69.8525 1362.53 255 251 225
-176.52 90.7835 1258.44 244 234 221
73.4716 -14.5906 933.276 120 65 51
-109.775 27.1478 973.995 163 162 149
-100.784 39.0907 918.385 138 137 132
65.3866 -19.9476 842.073 126 90 73
