-133.713 317.061 1153.26 248 242 242
-21.629 77.3497 1139.04 36 0 0
-78.7345 83.1791 1158.24 242 228 197
-89.9327 49.0795 1152.9 249 236 210
-151.941 332.102 1251.63 190 188 184
442.714 -178.886 1205.47 234 223 229
-79.4493 68.4333 1080.89 255 239 222
-88.5321 104.522 1127.39 47 34 27
-101.257 71.6622 1152.12 51 27 25
-184.874 304.794 1122.39 235 231 215
-123.394 -11.278 1048 61 16 14
-137.735 255.329 1066.7 58 53 45
-194.709 225.923 1112.81 53 27 33
-144.085 267.14 1156.93 251 243 226
-113.2 -11.3368 1050.18 26 11 9
-115.969 280.459 1201.89 251 246 225
-121.541 269.043 1216.75 240 253 238
-229.746 107.194 1092.45 84 42 32
-77.4521 90.7255 1128.54 112 69 53
-152.646 363.443 1275.56 171 169 165
-150.962 294.634 1211.31 112 102 92
-4.52498 125.71 1147.41 98 52 39
-198.404 1.85494 1031.53 114 46 61
-116.77 -59.28 946.895 251 245 233
444.764 -164.382 1152.26 254 250 248
-91.4014 69.0663 1181.19 98 54 38
-146.035 310.373 1109.34 69 66 56
-143.068 235.111 1145.54 221 201 200
-102.26 60.5243 1102.34 101 66 51
-189.38 224.733 1068.42 135 111 118
-140.002 361.266 1206.31 27 1 1
-214.289 159.211 1130.8 231 207 169
571.936 -88.878 1337.2 255 245 235
-151.458 351.211 1201.95 198 191 182
-66.3347 71.3039 1129.1 83 30 17
-98.0772 76.2321 1059.26 251 240 223
-147.572 319.054 1149.86 18 15 11
490.173 -42.7144 1340 219 206 211
526.579 -59.2809 1339.75 241 228 227
-252 12.4641 1062.39 239 250 242
472.442 -188.056 1257.74 255 249 253
-119.901 -72.5134 1067.03 212 197 180
-149.25 312.651 1272.21 225 211 196
-91.3195 112.839 1127.58 228 217 202
442.01 -69.0361 1215.49 233 235 232
-7.08989 1.00508 1166.38 171 116 92
-82.4224 41.2977 1176.6 69 23 8
-95.7303 97.2597 1155.47 102 67 53
-105.689 55.0884 1073.93 243 208 182
-169.843 328.707 1232.8 49 39 23
488.359 -72.0368 1335.24 102 96 91
-179.217 322.103 1175.49 128 101 86
816.841 -66.7491 1562.96 199 217 200
528.165 -53.429 1264.13 255 242 234
-85.854 124.057 1129.95 233 220 211
-160.654 300.704 1128.37 74 51 35
-140.933 192.699 1152.3 128 72 68
-205.751 1.90695 1029.75 152 71 85
-143.913 233.944 1126.66 93 71 72
540.256 -182.318 1280.17 255 253 235
-153.373 -61.4062 1038.06 211 198 195
-224.589 27.8718 1070.72 108 114 110
-113.869 -66.5252 967.121 51 16 13
-60.9315 108.702 1088.54 224 206 198
-113.181 -16.4402 1049.85 254 244 224
39.585 348.127 1409.03 62 62 58
-55.9961 126.572 1166.78 123 116 101
-229.637 27.8628 1069.41 56 51 42
612.374 -287.088 1235.81 187 217 199
512.452 -184.991 1234.86 246 236 212
-66.4025 102.013 1132.11 255 248 231
-169.396 305.992 1142.56 171 138 117
-262.616 -5.55083 989.691 244 204 183
10.8358 -25.7135 1144.35 255 243 228
-251.939 56.5448 1037.9 249 237 229
-10.1794 139.864 1147.7 232 220 188
568.04 -80.4402 1332.04 255 240 234
-71.9524 101.95 1130.87 145 109 95
57.0285 329.729 1355.49 97 90 76
-151.402 377.693 1188.02 77 75 69
-132.32 163.722 1090.73 255 245 236
-57.0615 -28.3149 1206.69 255 237 226
-184.756 275.761 1073.76 171 175 181
-66.882 -71.1835 1100.01 99 24 9
-113.554 -70.8391 992.453 196 174 163
640.693 127.227 1502.72 103 125 126
-196.199 284.118 1132.71 248 238 238
-9.40009 -8.0807 1046.03 139 113 97
496.886 -179.316 1206.47 185 158 134
-88.4254 -65.4695 1096.01 110 60 46
509.561 -175.098 1310.38 221 220 219
-218.759 152.59 1054.54 255 254 230
-4.17749 9.50472 1167.74 255 229 204
-237.916 102.82 1045.37 250 252 252
-67.0802 -63.2861 1148.51 162 71 35
-209.265 17.4003 1073.94 113 77 68
-246.582 18.5469 1036.45 225 239 235
-193.565 11.8385 1033.34 255 229 224
436.526 -77.8998 1217.34 85 78 77
724.612 -26.4913 1399.13 223 247 231
478.714 -164.373 1151.58 249 246 224
-82.6358 126.086 1065.95 115 97 84
-155.773 399.277 1259.91 219 223 215
-251.525 26.1464 1035.67 226 189 176
480.534 -212.946 1046.45 177 166 157
-179.067 209.285 1069.78 253 247 253
465.026 -322.437 1419.3 227 202 204
-178.053 284.575 1092.31 99 87 82
44.9594 110.149 1240.12 255 245 226
580.551 -108.32 1334.25 226 214 209
1.71323 40.9698 1171.72 255 249 233
665.282 22.1702 1495.39 255 253 228
550.179 -131.477 1321.22 246 243 221
625.186 -59.2783 1208.94 178 201 176
-174.842 386.036 1199.88 219 212 195
-237.474 26.9906 1023.26 137 137 128
-61.5364 -53.0077 1058.02 255 225 191
-205.808 9.40876 1030.19 254 230 219
-227.747 26.8622 963.561 220 191 179
-112.972 190.826 1158.95 155 137 132
-23.1527 -11.342 1138.55 255 236 228
-188.037 266.783 1096.2 147 142 141
506.446 105.845 1369.04 57 47 37
-3.83405 22.8214 1120 255 250 222
-206.394 82.4191 1034.58 255 248 247
601.127 -111.236 1466.41 252 242 239
-36.2249 105.591 1240.14 146 117 85
-254.317 37.0532 1019.39 231 200 186
-153.45 189.322 1099.71 236 203 194
-143.635 -66.4382 1055.12 56 38 25
-1.22678 29.5854 1170.08 255 235 233
497.502 -117.012 1250.46 233 219 196
663.631 234.622 1529.21 119 146 153
568.038 -287.086 1166.84 116 125 119
548.336 -110.322 1383.43 255 249 237
-212.498 91.0864 1078.16 116 85 69
-38.7284 155.924 1172.91 255 250 225
579.501 -249.08 1243.82 96 88 78
489.588 -150.195 1316.86 107 90 91
661.953 219.074 1525.43 79 101 108
-237.43 22.0166 1022.98 141 148 140
-111.501 21.8103 1045.39 167 160 158
-151.1 30.167 1020.19 237 218 222
475.224 -120.223 1326.63 181 156 144
478.254 -339.086 1416.96 202 169 154
-25.0355 -26.1719 1013.4 255 234 224
-138.347 251.007 1098.99 252 217 200
-194.014 27.9713 1078.47 252 220 211
-7.89729 355.536 1275.45 25 39 41
594.789 242.279 1599.55 145 181 205
-221.835 222.187 1186.6 125 135 121
474.18 -313.1 1340.47 86 69 70
472.245 -113.752 1327.45 183 153 136
511.296 -95.6857 1208.76 249 236 227
625.068 -89.5179 1222.92 246 255 249
-152.966 217.645 1172.21 250 235 223
-24.8656 -24.9484 1067.11 255 227 213
-177.209 259.726 1147.98 253 205 190
620.001 254.523 1603.25 94 136 137
552.871 -96.0312 1398.68 253 251 253
515.635 118.155 1433.09 174 185 178
489.902 16.1608 1330.61 180 182 156
-222.128 15.8455 1042.81 227 209 207
578.011 234.165 1597 52 93 99
-21.5359 -4.54625 1162.98 255 244 238
-154.531 171.079 1030.46 114 85 65
-262.152 33.1998 1060.96 180 86 69
-175.082 202.889 1050.28 175 159 161
447.079 -156.057 1260.51 186 172 163
33.3362 76.9281 1114.6 242 219 196
716.176 -202.68 1449.78 251 252 229
-48.7247 304.9 1172.08 238 242 209
-129.111 129.967 1056.18 111 76 62
517.749 -61.7372 1280.19 223 192 188
551.855 -57.2232 1282.22 168 135 121
536.392 150.591 1440.92 83 123 140
-93.7259 38.191 1119.69 253 237 220
-127.17 230.667 1158.39 82 60 52
26.2505 23.6823 1171.06 234 228 197
626.175 -32.9417 1216.46 185 214 195
-102.116 20.0494 1099.45 149 114 109
-203.764 124.6 1027.16 181 162 131
-112.808 20.1124 1097.05 107 96 95
474.454 -154.951 1262.9 252 255 255
-197.645 43.3436 1102.48 255 248 223
359.553 -255.914 1239.77 71 75 76
3.91996 88.0256 1099.64 252 244 212
-36.9691 309.696 1153.19 93 82 77
564.24 -249.212 1244.17 91 75 64
553.157 106.48 1306.63 140 162 167
-69.9546 142.895 1115.51 158 143 136
-18.8697 341.012 1285.48 81 60 44
-178.63 246.873 1180.99 218 187 181
-215.225 17.4737 1188.9 250 213 206
-8.8065 -111.966 1157.42 251 244 222
441.035 -304.03 1295.27 101 57 43
-224.873 13.0209 1003.83 206 201 194
627.087 -55.6419 1409.36 157 149 140
19.4271 17.2871 1053.38 248 214 195
586.412 -61.1741 1336.2 231 213 194
-206.355 77.3693 1034.26 181 170 176
631.867 -160.333 1389.79 255 249 242
-12.1568 28.3312 1118.82 255 245 233
-198.753 47.1441 1034.22 182 126 106
-205.854 -144.946 1193.93 53 54 47
-137.934 178.761 1135.45 127 52 54
-173.768 9.28832 1037.89 254 248 246
565.371 150.481 1442.07 184 218 236
-47.3804 161.64 1171.36 241 240 226
441.657 36.2408 1726.07 60 56 48
-180.773 251.955 1045.88 244 236 241
-183.245 359.033 1207.66 161 152 131
7.5727 49.514 1173.68 159 111 80
-94.8427 385.353 1382.09 107 101 74
558.427 -274.117 1142.84 132 143 134
-50.5729 -45.5954 1035.15 123 42 9
-66.1477 341.991 1222.14 108 99 83
551.895 22.4554 1489.45 170 172 148
-67.7187 332.803 1179.55 114 100 83
24.296 303.85 1219.6 255 253 239
436.46 -135.457 1212.73 208 195 197
556.07 -237.334 1246.46 111 103 94
464.135 -166.894 1260.47 250 252 252
-213.115 5.65631 980.507 217 226 206
625.267 -116.78 1397.83 152 116 104
-176.862 372.704 1180.78 119 111 89
-236.561 9.87345 1113.74 168 181 174
-190.705 65.8428 992.635 150 150 150
-188.95 29.31 1028.54 150 103 107
-3.3137 374.994 1350.47 64 75 78
-30.0092 281.668 1413.54 255 252 244
-157.75 229.223 1150.74 158 131 134
371.963 -275.415 1186.04 117 92 92
-176.825 45.4315 998.177 254 249 234
564.105 -322.751 1240.71 136 154 153
-119.545 353.473 1210.77 65 40 26
654.813 -101.052 1278.59 242 251 237
473.738 -37.7489 1268.99 79 73 75
555.046 240.623 1527.09 96 120 136
587.433 -201.011 1182.14 72 69 55
465.96 -174.3 1306.6 90 67 56
