13.2154 6.97589 1171 255 249 231
59.855 -56.8489 1732 14 11 4
-13.7713 451.491 1094.22 246 249 247
317.58 -80.22 1683.77 254 244 224
17.2674 474.628 1232.25 60 62 69
2.91965 381.292 1111.41 249 246 245
-25.8099 386.014 1137.59 213 210 212
-32.8461 83.017 1073.26 49 55 57
-21.5837 403.428 1138.95 254 240 208
318.416 413.051 1996.29 232 251 255
321.203 23.4031 1809.14 246 236 228
308.649 423.074 1996.91 18 45 62
-14.2554 405.931 1158.18 113 86 52
-56.6281 109.18 1070.09 135 57 33
-61.9796 186.41 1073.35 76 46 43
52.7625 20.6464 1290.18 118 28 4
324.469 326.602 1909.48 92 112 123
-25.9636 170.595 1125.93 95 57 42
-103.566 116.101 1060.63 186 160 153
-161.061 510.997 1309.95 199 201 190
-56.6005 82.6254 1068.52 245 172 149
24.6284 481.063 1261.07 206 209 220
-41.736 316.299 1181.83 91 82 87
10.5919 -4.65585 1222.16 179 191 186
6.69501 475.237 1345.92 239 234 239
-56.5892 72.022 1067.88 255 220 197
230.992 314.078 1850.12 31 58 53
-57.4973 77.3222 1105.04 175 86 56
-48.8928 96.5451 1008.2 245 210 193
-48.708 85.4061 1070.27 123 84 74
34.3467 138.781 1185.66 139 93 75
306.277 -47.14 1689.62 243 232 227
23.8532 369.943 1281.13 253 252 234
13.3884 469.017 1347.18 236 226 217
39.1228 182.617 1244.41 133 102 88
323.991 53.7694 1714.23 247 231 228
359.355 87.6905 1943.22 43 34 32
272.97 -22.0767 1690.26 194 166 162
41.2764 16.5671 1230.1 153 100 99
292.265 -14.3899 1785.33 61 24 20
229.385 322.937 1958.73 154 179 181
-25.9149 238.166 1130.03 250 238 210
196.737 -135.852 1653.36 58 62 56
208.001 376.285 1831.33 28 41 41
326.306 -58.2796 1779.05 146 124 117
42.1447 219.174 1217.37 149 118 107
4.73966 380.01 1222.2 170 152 143
309.988 223.552 1655.78 97 97 94
-40.5209 510.049 1222.04 157 150 145
-1.12713 466.791 1227.74 223 217 205
-48.1771 217.495 1124.17 121 87 75
314.28 32.4895 1708.23 137 127 121
322.174 50.3376 1814.02 163 141 137
-56.5777 61.4323 1067.23 255 249 224
5.94943 296.336 1213.39 255 242 235
383.591 92.1121 2214.2 229 224 216
-166.135 65.4643 1111.63 176 151 145
288.823 5.02636 1696.7 191 166 144
2.28357 284.939 1138.37 168 154 153
31.091 -6.22561 1239.34 148 125 102
4.97555 464.175 1228.86 141 128 105
-3.64028 279.747 1187.77 162 111 97
-43.1545 100.516 1049.04 174 118 108
-147.472 491.024 1251.21 91 94 79
7.91649 423.796 1226.43 86 78 72
72.7367 460.522 1318.1 124 126 121
-20.1076 461.241 1141.7 135 121 103
-59.327 51.3205 1024.2 188 165 150
57.4724 224.907 1311.19 150 154 148
81.9654 80.7389 1259.54 209 197 178
204.72 -147.973 1652.06 85 89 83
-20.4486 315.609 1112.8 133 121 118
-51.3811 138.638 1072.87 115 57 56
-36.9342 186.939 1099.68 159 122 109
44.233 204.762 1306.65 141 120 118
380.8 70.1908 1988.97 244 237 232
1.45555 293.43 1213.87 243 198 189
-180.272 281.68 1228.07 59 7 1
44.3455 224.426 1308.43 255 242 227
23.1174 139.123 1164.44 243 221 199
45.2834 170.354 1244.63 253 239 216
-30.0085 394.512 1188.62 213 197 195
-49.5945 128.844 1047.39 251 234 225
65.8052 454.537 1269.7 99 97 96
-14.7498 446.482 1122.16 86 61 56
35.8877 157.672 1241.7 141 108 97
338.984 288.775 1863.78 135 158 162
11.8808 403.973 1254.25 223 212 207
592.002 -258.175 1317.02 103 103 98
7.65332 339.97 1219.38 105 95 77
32.3237 127.199 1123.16 249 238 218
-9.3395 374.542 1195.28 143 115 103
-87.6421 187.457 1135.28 70 29 14
-48.1718 206.284 1123.5 185 162 145
251.418 362.453 1863.87 78 104 109
46.8109 16.05 1197.81 173 95 65
1.88771 451.417 1227.25 146 138 135
-61.8024 48.1905 1065.37 253 249 221
-179.758 258.778 1199.48 82 26 8
-31.4967 246.382 1129.34 111 97 70
-27.7083 180.499 997.4 252 249 215
14.8037 331.704 1250.39 159 144 138
28.9367 4.39596 1226.59 255 239 224
-48.1677 197.877 1123 159 111 100
-72.4335 146.062 1068.94 107 56 49
312.55 41.2931 1810.65 50 25 20
335.031 11.3784 1706.53 251 243 231
-49.6059 204.347 1050.02 208 165 153
55.6307 -160.841 1825.34 69 66 46
-121.325 104.256 1101.16 158 135 126
-8.56677 18.6071 1095.19 187 172 148
5.4164 363.991 1194.53 255 241 234
308.584 2.941 1700.98 221 203 182
-73.2412 201.464 1090.2 67 39 18
304.318 72.7519 1814.45 187 175 164
51.6714 195.471 1247.97 172 159 143
355.983 -14.4949 1794.03 255 245 222
212.999 62.3387 1611.24 85 68 60
-20.4049 153.92 1126 132 95 91
6.12832 290.196 1219.21 207 137 136
343.48 403.578 1998.25 135 156 159
-32.9267 88.688 1110.34 139 140 141
270.629 2.41298 1529.67 146 126 106
-49.3095 181.901 1033.01 107 61 57
-36.9354 242.175 1104 251 254 232
45.2302 161.027 1243.84 192 151 125
591.113 -264.343 1315.15 117 117 112
236.269 72.9054 1765.26 26 15 13
215.671 321.477 1654.78 66 92 98
418.231 375.606 2291.84 164 184 194
358.261 25.5382 1804.45 255 248 245
245.758 69.8411 1798.43 151 125 114
-56.262 303.541 1177.9 145 131 124
-24.3782 429.517 1140.67 95 82 78
439.454 152.597 1945.99 252 250 229
-21.2391 329.417 1187.01 167 158 158
243.484 297.309 1493.85 157 188 179
-26.7878 467.221 1278.75 185 175 167
350.368 -186.09 1663.63 206 218 225
344.344 316.27 1977.09 206 239 250
-127.39 76.9764 1140.39 126 94 88
51.727 204.838 1248.73 230 222 213
196.987 -127.829 1655.14 120 121 116
