243.2 -79.0778 983.377 240 246 237
330.287 130.534 971.519 9 25 16
166.77 164.871 1069.05 255 246 239
-373.889 112.574 1058.32 255 248 240
-472.553 26.4231 916.647 255 247 242
290.677 -55.9413 937.32 226 236 231
396.709 215.488 1039.15 209 214 214
-523.6 390.032 1178.79 242 238 229
341.624 88.0796 1005.52 64 79 66
-406.336 87.6553 1120 255 247 231
392.872 186.756 1036.15 250 255 249
321.656 84.6308 967.789 71 71 59
246.99 -94.6038 930.964 248 254 250
-479.596 27.539 953.155 230 231 210
349.378 8.52592 999.957 241 254 251
-351.776 201.184 1094.14 255 246 238
405.238 234.237 1059.85 244 255 238
387.715 222.119 1017.25 219 228 210
133.762 -107.973 1005.89 254 251 247
278.086 -60.795 903.897 163 168 173
-354.149 195.596 1093.04 70 37 25
334.025 0.943971 962.737 220 224 221
226.462 -1.5176 952.668 246 234 241
-337.233 347.654 1218.78 250 234 229
283.163 -72.0164 935.718 237 244 237
211.521 47.5052 968.175 249 246 237
-349.864 96.089 973.18 243 214 198
348.62 -3.82817 963.498 244 255 243
-320.626 288.722 1109.27 134 99 79
-310.044 402.553 1199.05 221 215 204
-412.22 13.3626 1041.87 109 86 52
411.367 225.677 1074.78 51 59 52
182.696 -57.9314 911.903 199 192 187
-378.086 93.2352 1032.03 255 249 228
112.996 26.671 990.731 255 250 254
-512.344 346.218 1122.12 247 241 224
203.07 -69.2613 854.536 216 206 196
362.67 490.466 1279.22 105 123 130
156.625 231.293 1071.22 27 22 12
-512.687 481.23 1302.49 250 246 251
-481.06 167.272 1049.45 219 203 181
215.774 142.606 1014.9 251 234 230
-477.638 221.864 1136.08 246 242 224
-518.931 333.989 1118.2 76 71 56
-496.778 185.534 1095.48 234 224 207
-368.216 159.706 1086.23 246 234 214
-466.483 198.208 1083.99 83 68 57
66.7547 -42.3063 946.342 42 49 45
198.183 167.595 1014.76 229 216 199
-465.072 301.402 1035.86 227 234 213
261.484 238.042 1167.06 122 120 124
99.5093 77.333 954.455 229 217 211
136.756 -59.5299 938.819 160 165 141
-299.982 372.477 1143.69 246 243 212
65.4387 -39.9113 945.039 122 123 124
-575.357 357.703 1236.91 254 246 227
-318.169 294.466 1110.36 249 230 210
186.025 40.72 950.901 255 251 236
272.419 -8.39224 923.917 217 207 203
-605.285 83.0681 995.83 227 229 223
-529.419 407.468 1178.78 35 35 29
335.791 -22.1846 928.062 250 255 237
-455.411 135.424 1034.33 115 82 53
224.535 118.907 995.298 230 214 212
-498.591 169.036 1093.41 110 88 63
290.747 -71.9319 874.5 92 109 92
-491.004 150.314 1094.63 255 246 222
-469.891 550.401 1280.82 50 56 51
97.0447 21.3117 928.281 254 251 251
-508.562 118.65 1064.64 98 93 91
202.253 165.715 1074.09 61 47 43
107.553 73.4392 995.351 226 200 187
-470.942 187.164 1081.81 120 92 75
122.511 -147.716 1155.73 44 41 35
266.839 373.475 1153.7 62 97 106
100.856 85.366 991.255 124 113 106
365.145 378.79 1178.42 72 90 87
-393.199 146.007 1003.36 118 82 62
-292.676 376.047 1257.67 153 152 152
162.283 -50.2062 851.686 185 182 167
170.737 158.49 1028.53 191 159 146
303.866 2.00964 941.615 149 154 146
177.038 90.1435 952.657 255 243 231
254.199 -90.1249 931.924 238 254 254
390.632 325.824 1176.4 241 253 241
405.018 177.558 1072.42 221 234 215
248.27 -93.6384 897.949 37 63 57
-333.12 86.4114 1257.94 195 182 170
-333.204 87.7138 1173.99 202 192 184
97.6374 63.3995 940.779 82 38 34
-488.83 155.885 1095.88 140 98 81
353.207 471.628 1258.64 19 87 115
-310.469 109.619 1207.14 180 191 188
160.538 -101.616 1029.54 215 192 187
275.013 -106.619 946.476 33 56 45
125.976 40.3305 943.405 252 253 249
-437.762 533.102 1226.91 73 79 76
-309.113 299.849 1085.73 137 102 83
306.457 337.379 1110.21 89 118 128
332.888 -21.2675 941.323 249 255 240
197.369 -121.269 1012.23 98 74 61
-538.673 354.377 1113.08 86 85 74
337.311 27.1494 965.03 239 243 224
-550.443 280.107 1138.94 106 101 87
-516.957 354.57 1176.82 238 233 212
-475.853 43.4015 1022.77 97 54 46
220.885 169.916 1035.86 165 134 122
233.013 171.157 999.231 94 71 63
198.62 -73.6935 912.494 147 127 122
176.127 244.854 1090.14 216 218 189
152.51 -51.2415 891.259 200 190 186
213.225 165.96 1075.59 99 64 54
-527.539 162.538 1141.33 139 104 87
340.284 103.359 953.993 206 221 206
-524.717 414.213 1181.44 69 61 52
249.226 243.068 1026.69 253 253 237
167.566 223.876 993.214 252 252 224
258.867 -94.7329 932.12 72 97 85
182.17 -122.83 1048.44 228 199 181
228.612 -63.31 815.251 214 215 211
-358.158 84.7339 1212.73 48 22 24
125.881 128.358 1002.13 193 191 198
-327.139 212.747 1272.23 208 176 159
-331.611 278.891 1129.97 138 107 82
-407.923 284.325 1163.13 147 123 112
-444.925 49.0424 988.124 129 58 44
239.928 -67.1684 899.676 163 156 155
321.882 -12.9842 927.709 216 240 227
209.016 -12.9286 917.52 60 56 40
-422.32 7.09874 1058.74 190 172 152
-489.006 282.681 1055.71 139 120 123
-401.666 270.437 1135.19 201 194 182
-472.919 199.291 1054.7 227 218 205
181.953 152.698 991.832 199 190 185
-370.106 363.564 1042.46 160 158 160
-480.176 144.652 1026.79 248 236 221
-483.698 219.469 1103.07 205 194 183
-368.795 242.622 1030.74 104 80 72
-418.086 90.5115 1043.76 255 245 233
223.285 2.10771 967.517 100 87 75
-570.611 306.629 1148.93 249 243 246
131.423 148.168 1062.79 193 190 190
270.755 -107.594 966.559 153 174 171
251.907 365.679 1212.29 70 93 99
98.6761 83.5849 1042.89 143 129 117
169.349 234.073 1054.44 224 216 189
157.515 115.421 1040.05 255 251 232
210.918 157.719 1015.55 190 163 158
-310.563 217.579 1188.6 56 30 14
111.407 -131.827 1081.92 235 238 237
92.4781 -130.328 1104.12 184 176 153
417.796 246.579 1120.73 235 240 227
337.06 432.101 1154.21 231 250 255
-413.639 100.98 1045.68 255 243 226
240.778 -13.2822 953.311 222 212 199
-426.946 252.522 1181.3 104 74 55
108.063 118.054 998.82 76 60 47
-460.885 176.285 1057.11 224 199 180
260.732 384.385 1205.24 93 121 129
156.163 98.2112 985.474 255 237 203
-333.613 86.7091 1142.76 188 178 172
220.934 133.992 1074.53 217 192 183
349.02 8.0672 964.48 194 223 200
191.99 179.52 1032.59 67 42 15
-271.303 333.16 1259.59 56 56 51
-531.474 398.067 1176.78 141 142 138
176.365 40.6692 949.752 240 238 215
164.94 5.81359 980.94 163 152 139
-601.467 221.648 1112.53 236 225 196
265.313 132.013 1038.95 252 233 215
105.964 -131.757 1081.17 195 190 185
89.0253 75.459 974.786 236 233 218
-569.831 336.132 1153.3 129 98 87
292.868 53.5765 929.929 255 252 223
197.038 -125.779 1051.14 118 94 81
-330.675 197.333 1026.59 246 230 219
242.948 -25.0327 952.688 195 182 184
93.6742 41.7583 973.604 244 242 239
-334.126 273.071 1128.95 246 224 201
211.321 -69.3341 828.529 113 123 122
173.644 93.5835 987.5 185 177 169
352.71 453.655 1203.29 166 192 203
-380.654 242.866 1058.93 212 195 184
155.013 66.3326 948.593 214 190 171
-600.541 115.407 1000.38 250 252 248
217.417 231.926 1124.51 149 145 134
367.858 107.422 990.198 209 226 199
-427.262 192.412 1120.49 143 110 87
281.254 65.0227 929.582 239 235 207
150.113 -101.468 1028.17 228 146 129
-294.249 237.858 1113.53 138 122 111
-546.931 312.252 1159.4 128 118 121
305.959 430.206 1196.11 90 133 136
231.231 -17.0514 888.932 82 68 64
392.648 92.0118 1048.62 215 236 204
-402.928 296.396 1165.46 150 124 123
150.814 28.2846 898.868 192 150 130
358.516 201.494 978.727 166 185 172
230.715 -91.85 914.279 55 67 62
391.249 220.744 1057.73 208 232 215
389.453 168.502 1034.11 192 206 187
167.999 148.203 1027.58 219 182 180
81.018 -96.5575 1059.92 71 66 58
-399.08 70.2753 919.338 143 119 98
211.717 -93.1499 882.212 219 234 232
250.29 57.843 926.135 251 241 212
-359.081 327.089 1100.47 130 116 102
212.698 20.5177 987.593 197 158 147
364.972 87.5415 986.158 124 135 112
-351.666 291.256 1041.16 127 100 102
-624.779 168.322 1077.79 251 251 254
331.886 86.2873 935.448 221 249 239
-387.239 308.868 1142.82 195 193 191
-379.744 165.309 979.473 105 71 49
-629.599 104.308 1035.7 255 252 242
311.23 -78.6664 891.197 234 239 226
-319.165 246.683 1058.73 184 152 139
337.606 36.7059 965.775 174 188 175
-304.982 104.55 1152.82 138 141 133
-395.003 68.1417 920.496 162 113 95
116.448 -95.9373 1023.86 50 51 48
-396.395 231.057 1082.33 82 76 65
-320.051 203.103 1011.62 251 227 199
-470.489 233.753 1139.34 138 138 125
202.464 -2.683 965.496 208 181 161
-512.384 24.8181 1028.1 239 233 218
123.916 -126.168 1023.17 157 155 156
211.931 105.091 911.01 185 163 167
212.732 -7.31646 931.751 95 75 60
255.424 358.096 1136.79 168 208 217
-312.989 93.1575 1265.13 22 22 19
-569.466 281.12 1131.69 156 151 157
-477.871 133.462 1048.08 249 231 210
374.073 373.158 1178.92 101 127 122
115.951 56.3843 977.602 245 238 242
287.623 85.0097 1000.12 227 219 194
405.443 441.642 1284.02 205 231 229
130.386 33.6741 1015.35 221 199 193
-358.553 60.0543 953.129 240 214 171
323.063 -63.4218 893.176 205 231 195
145.482 237.338 1092.51 216 214 203
-358.119 272.23 1037.19 225 211 208
336.34 -81.521 953.59 204 213 199
-554.136 196.189 998.729 255 242 215
282.701 457.138 1244.86 119 145 150
-398.829 100.245 1025.97 253 254 236
-353.964 49.6974 1165.29 169 146 141
129.395 219.735 1066.44 84 67 57
237.213 116.626 996.654 222 185 176
281.622 -120.946 948.732 164 166 163
366.015 45.7562 1004.36 194 219 204
98.0598 -127.749 1105.16 67 57 40
-543.356 684.567 1568.22 141 148 144
-569.926 253.546 1074.27 157 158 134
328.325 -41.4246 895.204 204 216 183
-349.336 93.1254 1169.39 135 128 122
237.167 -8.42121 920.633 169 173 156
385.395 124.293 1027.42 231 239 211
-578.69 246.47 1083.74 150 143 118
356.404 -60.7079 959.309 225 227 208
176.532 86.1732 1013.63 154 133 107
-461.135 507.283 1215.94 193 196 189
-352.704 386.626 1293.03 255 238 205
341.323 -1.44826 963.126 173 182 175
255.589 181.029 1040.82 179 153 135
434.068 213.776 1081.15 205 192 192
253.888 34.3279 938.09 182 167 148
-398.928 105.318 1026.24 255 250 241
-389.671 302.897 1141.59 131 102 103
-324.64 280.477 1317.34 44 35 29
112.786 194.55 963.753 78 77 66
292.321 0.911394 959.208 166 161 158
-486.138 77.7458 995.621 255 239 223
88.8818 56.169 973.715 245 242 238
86.6095 -48.2868 901.274 149 129 105
466.541 476.664 1332.57 120 138 144
247.621 234.048 989.366 255 254 230
358.763 26.1765 933.424 238 243 220
-343.073 275.282 1073.48 159 130 115
-290.336 191.469 1163.71 180 152 138
209.593 3.17697 951.189 186 177 152
-363.875 340.177 1121.14 219 212 201
207.365 3.43156 985.801 198 184 162
-387.517 105.682 1029.84 247 207 188
-297.568 208.297 1237.12 61 24 8
-575.443 94.0164 1008.71 153 153 148
-412.343 125.917 1093.69 252 234 220
140.505 189.618 1179.57 76 71 72
-412.038 82.1652 1020.7 247 233 217
61.9424 -51.5458 945.027 45 38 29
-352.708 4.40018 1286.57 62 62 53
-543.724 314.085 1106.25 247 220 201
300.958 349.425 1168.34 117 151 159
-598.169 166.854 1060.36 141 114 99
108.171 53.5678 991.134 250 237 245
232.709 2.9501 920.938 182 161 151
365.457 245.011 1018.25 197 216 200
215.604 69.2585 956.031 225 206 175
170.548 87.5064 949.796 239 221 211
-503.391 488.945 1260.54 231 231 226
358.29 -57.5713 967.02 171 177 144
-462.887 165.633 1055.64 237 201 171
-592.176 336.3 1188.56 169 141 130
349.439 -38.1424 927.774 119 124 108
302.781 246.161 1072.2 237 234 221
216.235 3.63982 870.921 176 150 136
-393.151 11.5264 1096.88 137 121 107
214.412 203.292 1191.17 156 136 119
328.126 353.513 1172 164 191 193
289.773 316.534 1055.31 90 129 136
174.329 -120.931 1009.72 173 138 126
202.508 201.581 980.011 248 248 248
283.976 191.609 1123.69 136 118 98
-555.084 136.314 1000.66 147 138 130
-341.882 31.7631 1190.56 127 111 99
-405.729 105.11 1024.08 219 207 192
354.903 36.7566 967.176 207 220 191
-436.103 162.01 1017.85 170 129 98
258.298 -8.41277 922.635 90 80 76
377.685 480.739 1238.29 213 231 228
279.368 -6.27893 986.026 172 170 162
102.973 118.965 1016.49 217 203 186
313.515 236.547 964.545 145 150 131
270.14 184.234 1003.37 178 178 173
110.61 43.7909 991.098 249 244 248
188.237 -1.62409 916.02 149 131 112
292.964 39.05 1053.94 65 55 33
347.162 261.848 1055.17 253 255 237
354.468 327.656 1172.75 226 233 221
-545.532 133.102 1023.33 245 200 184
291.535 -148.968 1041.55 34 78 82
-336.951 391.653 1134.18 253 251 232
-565.092 306.822 1171.02 170 151 147
-544.93 269.714 1050.25 192 180 179
-376.651 60.5524 1104.64 159 151 145
145.656 -0.708252 862.932 57 40 29
-382.414 25.6688 980.334 233 214 174
259.893 126.759 1037.98 180 113 88
-481.353 175.575 1100.74 155 110 76
-348.632 126.987 937.683 249 231 220
118.09 180.046 1042.85 83 55 49
-389.952 113.259 1029.53 183 134 118
229.447 386.334 1054.12 112 133 140
156.389 117.794 986.585 252 251 247
213.668 21.2069 967.283 186 147 131
277.463 -16.102 991.644 93 82 92
108.204 -63.6484 950.014 132 121 110
120.864 169.073 1062.38 207 207 214
258.434 238.644 1018.82 168 167 144
-470.898 483.952 1209.76 207 208 201
199.254 123.448 992.469 164 130 115
-373.195 140.074 1013.78 201 144 121
-400.385 9.12265 1127.16 127 115 94
368.006 311.685 1101.8 128 158 150
182.996 -76.0729 958.872 100 101 94
277.334 29.862 942.3 189 175 153
-427.008 37.5326 945.415 175 113 93
-557.864 276.188 1095.97 229 222 220
-459.7 471.495 1348.14 145 143 115
257.683 -18.0024 954.62 159 148 149
-508.936 254.487 1062.38 157 124 115
-360.222 255.302 1095.27 191 182 158
-602.425 218.602 1090.84 240 240 221
250.036 78.2965 1074.15 224 195 170
-375.252 229.171 1027.25 157 139 121
-428.575 201.155 1086.34 177 160 125
189.786 -93.5015 994.91 154 158 146
-577.752 157.336 1024.56 255 251 242
185.763 77.7789 1085.07 194 171 145
-318.368 244.371 1234.62 182 151 131
-383.991 151.453 1057.28 232 224 199
-610.985 241.454 1147.6 237 225 207
358.718 252.229 1017.12 51 51 24
191.901 186.546 1094.99 163 144 133
-417.967 37.0081 879.93 231 203 185
414.335 192.339 1038.3 96 89 74
307.557 450.26 1251.31 118 153 162
-653.667 285.999 1269.03 255 229 222
-637.003 324.818 1244.47 173 171 164
313.631 17.5159 825.175 207 210 181
250.922 82.877 913.22 167 159 146
346.533 497.994 1382.74 69 122 128
354.546 273.335 1079.5 125 123 101
253.443 -15.249 921.719 182 176 179
275.056 3.01439 924.943 53 54 50
-372.365 160.06 1037.81 199 169 138
352.01 8.19604 972.139 211 228 192
376.443 173.544 1033.58 177 186 168
246.418 -75.9204 857.85 123 148 139
