87.7156 -49.3756 1289 252 230 219
24.8581 -4.75014 1172.21 255 239 221
341.963 -101.665 1769.92 255 247 235
-3.41531 396.122 1194.44 32 21 7
-110.443 65.7373 1101.19 192 166 153
-10.3707 400.325 1220.72 251 253 252
2.67513 477.972 1199.45 238 239 233
-40.7749 95.8366 1072.52 100 13 8
317.084 199.259 1640.89 53 45 34
-101.873 88.7017 1036.18 183 176 163
308.932 369.339 1875.76 188 212 236
-4.26388 419.466 1223.55 224 215 185
322 11.393 1704.72 93 80 80
312.926 2.9822 1701.6 237 226 225
-40.7708 71.9572 1071.06 254 227 199
-30.1387 96.7863 1196.15 64 42 28
-48.2531 43.0794 1043.67 104 91 76
56.011 2.82919 1244.98 73 24 11
78.0088 -49.3394 1287.27 169 146 131
4.03292 463.923 1249.51 255 252 240
-46.0387 50.692 1068.69 254 226 206
22.7354 -16.8874 1223.38 181 180 179
-31.5183 85.5329 1092.41 236 231 226
85.905 451.015 1319.49 97 96 95
23.3393 449.738 1231.78 108 83 70
-34.1229 87.1398 1063.26 248 230 202
-35.6388 126.74 1110.89 229 176 162
-47.7507 180.583 1097.03 83 68 68
-24.1843 302.145 1184.87 121 121 115
24.308 369.776 1254.92 248 242 228
-4.52835 472.106 1284.32 135 126 121
-95.8842 117.764 1156.77 189 175 163
9.18404 7.98185 1137.83 255 242 229
-91.1393 -377.333 1830.4 193 184 164
365.993 62.6965 2065.49 233 218 214
58.6758 4.12758 1197.97 174 92 44
239.824 295.404 1847.95 32 56 55
20.0727 445.596 1347.86 255 249 249
52.2926 -42.8564 1283.24 95 76 60
-24.1765 473.725 1170.69 137 133 125
51.1442 451.939 1237.68 225 228 228
-12.3192 383.491 1191.92 234 223 221
37.2306 472.264 1263.36 37 45 48
18.2714 448.503 1258.16 181 169 171
-9.71076 166.692 1178.99 104 68 57
65.6081 7.77601 1291.27 209 110 74
316.273 -18.0137 1697.46 232 218 201
314.097 -63.7063 1687 218 203 191
14.7162 263.577 1132.55 255 243 234
55.6163 206.693 1216.24 139 132 121
-34.2874 186.741 1125.3 110 78 64
54.6562 170.382 1246.53 155 131 113
204.6 -151.879 1651.17 66 68 63
-6.55421 291.194 1187.94 164 147 104
20.3143 358.659 1197.38 170 154 147
285.979 268.442 1850.56 102 129 130
331.721 32.5655 1710.71 231 215 214
-30.1619 -11.2448 1269.91 194 187 178
-59.1304 141.241 1117.24 88 35 29
-153.963 56.9281 1138.75 159 130 122
331.635 47.2464 1783.3 192 175 172
-9.56559 220.831 1108 255 245 219
344.353 316.382 1977.07 102 123 129
258.229 322.614 2097.98 125 146 150
4.47019 295.347 1163.84 141 138 136
118.253 74.2504 1538.18 201 178 163
41.1395 -7.869 1227.75 255 250 228
-31.4778 203.252 1102.19 126 107 92
57.7004 158.021 1246.08 240 229 208
75.6711 55.7909 1083.63 155 128 111
-31.5032 195.249 1126.41 215 219 201
21.7614 408.615 1196.16 203 191 188
96.9558 89.2231 1209.35 62 47 33
70.5633 211.982 1312.74 140 130 119
84.6481 -33.5674 1290.24 253 251 232
-16.6112 91.3409 1097.18 174 168 169
-134.952 440.718 1163.41 139 129 115
-61.9086 199.865 1170.18 239 203 185
108.971 101.104 1323.45 27 16 7
6.08871 371.819 1216.21 171 166 169
212.56 -163.985 1649.82 70 78 73
-20.4731 75.3516 1120.75 154 149 152
-50.4325 276.868 1177.68 201 196 187
-19.3905 225.392 1084.14 253 240 229
48.92 127.611 1206.48 163 124 102
175.895 -138.179 1735.82 49 48 24
-13.6078 7.10236 1218.41 114 91 76
16.7693 394.499 1146.64 159 154 153
299.185 -13.8114 1695.96 223 194 171
-31.53 303.525 1207.77 241 237 235
356.192 -7.40762 1661.32 150 143 139
283.069 -40.7919 1688.47 162 132 127
-165.287 250.188 1202.71 89 33 16
38.1821 341.511 1225.91 213 203 191
0.912483 299.448 1090.16 251 244 225
68.3481 177.661 1372.46 205 168 151
-179.097 80.827 1086.15 58 15 8
61.535 185.555 1215.11 227 219 211
309.745 28.2602 1706.65 135 117 114
21.7281 286.803 1231.68 123 107 91
-39.8377 147.38 1121.67 164 129 117
-7.03826 318.171 1163.32 177 149 141
306.404 -72.0484 1639.36 124 85 76
-25.9163 215.192 1128.76 253 246 212
349.617 41.1166 1715.02 144 127 120
52.398 174.595 1191.87 203 175 162
300.501 -31.9639 1782.14 91 46 39
-200.301 -24.0349 1287.25 60 57 49
23.0734 286.764 1193.76 173 167 161
-7.0567 309.375 1162.6 189 178 192
53.7704 219.551 1329.36 237 226 208
-14.7983 397.551 1119.44 122 110 84
-15.446 246.159 1183.25 137 105 77
382.917 -189.756 2012.28 59 51 45
-26.0173 75.2704 1119.64 253 250 246
364.082 -32.1425 1790.52 253 245 220
-9.83222 368.099 1166.56 166 163 163
29.1022 305.118 1196.08 179 169 164
-16.5233 76.4374 1224.02 255 251 254
-11.3212 -36.2394 1271.32 159 164 176
-16.8113 351.353 1071.63 105 62 58
-18.5747 311.627 1160.37 128 127 124
409.114 434.278 2303.23 116 150 153
282.207 13.1173 1661.27 146 123 122
340.319 32.3343 1601.53 165 148 144
10.7099 126.131 1180.11 255 233 222
379.048 -224.743 1741.89 188 202 202
334.73 -80.289 1685.97 246 242 240
60.5823 152.611 1264.68 192 153 123
-216.136 437.769 1245.13 83 57 36
54.19 -165.221 1705.19 104 98 83
297.378 262.697 1752.43 124 161 164
-581.378 -172.929 965.166 146 149 145
1.87936 114.163 1177.44 255 242 226
-155.273 250.765 1138.47 117 51 25
-12.5609 213.726 1181.7 236 211 186
-88.5242 123.452 1211.99 97 66 63
-3.53277 72.48 1078.24 255 249 249
-145.226 -15.7144 1135.56 101 78 63
241.95 40.0441 1457 130 114 106
205.913 105.183 1799.67 72 70 43
-21.5916 183.615 1148.82 177 147 132
67.6184 -182.127 1881.72 74 68 49
408.813 -237.584 1878.5 193 206 201
18.7308 101.201 1130.14 253 244 241
-390.486 -115.453 625.49 28 24 21
48.2653 145.323 1243.16 191 160 138
7.57803 61.7315 1174.44 255 245 228
298.695 324.536 1747.57 136 162 160
376.279 -83.6315 1910.47 192 189 189
321.069 248.629 1730.26 156 178 176
447.571 128.222 1939.89 238 239 218
-43.6771 57.9719 1216.6 231 196 182
35.6775 114.125 1237.97 255 249 248
10.3444 15.4787 1171.17 252 223 211
84.5828 -25.337 1365.24 255 249 224
