27.8786 333.853 1171.08 252 250 250
33.7754 339.7 1146.91 254 254 242
-69.3369 29.9397 1020.96 248 254 245
-64.4069 41.7793 1064.32 46 9 9
161.181 149.076 1208.7 85 72 66
52.7757 2.42762 1083.31 11 0 0
-48.6702 26.0742 1066.49 54 0 1
46.0804 -55.6059 1123 208 195 180
-51.3703 124.094 1071.82 81 32 29
42.9799 2.27283 1039.51 75 53 43
81.1663 87.0596 1140.14 45 27 22
143.294 96.4988 1169.11 55 25 13
86.9312 89.9634 1141.34 234 219 198
-27.5688 36.7631 1071.25 3 7 0
47.4311 15.8023 1083.36 75 64 53
-18.5505 342.792 1162.19 248 243 218
81.4608 123.964 1142.88 101 68 59
42.6684 -56.4929 1035.59 35 5 3
611.842 -62.5811 1406.47 37 34 30
-25.8981 262.291 1131 102 97 95
77.7659 64.4389 1091.82 238 222 194
81.9082 117.639 1192.63 48 24 17
29.0674 300.93 1195.31 238 235 216
27.2162 -46.1877 1033.79 175 169 157
66.9503 85.9797 1091.48 125 103 80
592.186 -166.912 1324.37 252 246 245
128.825 386.362 1246.54 226 232 237
612.667 -160.587 1326 247 246 239
61.0157 67.0606 1135.14 255 233 221
-34.0076 163.185 1034.84 218 190 159
16.2712 353.868 1170.27 66 66 59
63.9228 75.5456 1136.29 247 231 209
98.6558 -51.1872 1086.56 67 8 2
69.6512 78.4347 1137.5 73 36 22
-25.8633 310.493 1133.52 245 234 234
-22.3327 346.724 1242.8 248 254 253
-77.5154 75.878 1063.67 251 222 220
77.828 72.5667 1092.39 88 35 5
-6.99686 346.477 1164.9 150 131 109
12.1835 -42.5898 1073.22 168 140 127
89.978 109.892 1143.33 116 76 53
27.6911 404.627 1196.23 246 250 246
85.0531 -45.7558 1084.92 99 49 36
79.1276 136.215 1162.97 255 242 234
89.9045 101.362 1142.69 241 211 186
-79.3711 47.527 1019.92 160 47 36
21.094 288.441 1118.71 113 106 92
17.5197 -45.2723 1073.96 254 247 235
67.3464 97.1508 1111.16 238 199 180
-77.4443 44.3012 1061.82 252 218 196
-32.8412 103.17 1074.3 138 123 110
-83.6758 57.1915 1081.91 255 245 237
-46.3549 36.0482 1088.59 255 251 244
-48.2711 44.7876 1043.63 118 108 86
-14.242 301.844 1068.59 140 134 128
96.0281 -40.482 1087 138 82 72
115.389 148.126 1200.96 146 135 118
-28.8342 16.3144 1114.75 126 121 118
-92.8697 4.98217 1056.29 254 244 217
30.4606 213.614 1139.45 89 60 44
169.548 -8.69417 1146.12 255 252 241
654.387 -64.3395 1333.3 236 206 198
-45.1487 195.333 1217.78 95 82 57
122.547 389.162 1245.65 112 121 124
25.0678 301.9 1143.35 149 134 129
2.18014 238.074 1135.36 251 246 243
-3.18698 394.704 1142.04 204 201 187
15.7836 409.885 1194.33 250 254 244
35.0199 327.685 1223.41 223 206 189
104.651 135.825 1147.71 234 234 223
169.691 -0.202663 1146.89 252 239 232
19.12 221.718 1137.74 236 191 181
49.0317 270.063 1122.65 222 224 209
-26.0079 246.938 1106.22 143 101 100
170.31 176.173 1286.12 110 74 38
-43.1237 42.2415 1044.42 120 94 80
657.955 -51.1736 1479.26 236 227 231
57.3944 99.8252 1027.03 222 201 183
21.7329 407.261 1195.28 142 145 136
12.4517 209.602 1110.99 226 180 169
27.5173 257.215 1164.72 254 252 247
602.643 -160.465 1260.3 214 198 177
-64.5289 123.783 1069.11 231 224 227
629.308 -24.4985 1413.89 223 224 228
-45.392 177.071 1122.03 223 212 190
22.2226 374.161 1242.16 165 173 167
-20.2577 299.449 1134.12 242 251 250
33.6638 319.389 1171.09 203 189 185
59.0832 302.465 1201.33 249 242 217
78.96 141.831 1117.21 253 232 216
23.7318 252.009 1116.49 107 105 98
-20.3318 225.797 1130.1 118 78 58
38.0914 420.097 1250.88 16 18 16
653.956 -33.4189 1348.65 255 248 244
-14.9838 280.945 1110.98 148 132 125
605.481 -35.7268 1310.66 223 213 204
20.7739 185.746 1005.15 243 186 170
40.5755 199.832 1191.05 248 232 219
622.633 -82.8114 1339.41 255 248 242
-9.38752 66.274 1122.07 181 91 84
572.156 -135.37 1319.85 213 197 189
-87.9322 83.6257 1061.94 65 29 24
169.404 -17.1687 1145.34 246 242 221
0.702909 341.921 1183.97 172 154 142
16.3007 227.293 1137.52 133 118 106
-50.4639 179.682 1095.99 250 247 234
602.042 35.0914 1355.25 199 193 174
582.706 -142.208 1264.18 224 224 224
92.3 285.931 1206.61 243 243 223
153.144 9.38117 1115.24 254 227 191
-143.76 -13.0488 1044.36 182 160 140
103.034 128.326 1224.01 127 101 89
175.163 328.812 1210.75 111 105 95
618.093 -67.627 1333.4 250 250 251
-27.3618 206.694 1117.53 146 106 85
98.4423 90.1154 1143.3 148 98 68
-15.6393 344.011 1289.94 140 131 131
603.927 123.825 1373.55 43 45 34
-16.9399 47.4636 1073.94 241 241 224
-22.1159 25.4116 1092.85 255 248 240
-56.6751 158.616 1072.67 255 248 232
499.898 -243.584 1369.95 39 42 37
182.337 56.7567 1153.66 255 244 218
-15.048 239.098 1107.86 254 245 238
-64.3819 70.4718 1024.12 213 180 183
125.359 360.866 1243.66 103 88 76
-0.876543 71.6299 1078.49 254 234 219
7.21771 87.8201 1081.01 139 109 90
624.472 -100.039 1326.37 252 239 219
563.369 -296.394 1428.96 210 168 157
95.9136 368.126 1212.05 117 113 95
84.5631 152.531 1145.43 109 89 76
608.647 -100.301 1399.61 116 103 86
7.59818 204.811 1129.92 255 250 234
-30.1907 92.5486 1074.18 103 80 69
541.677 -65.4631 1259.69 134 113 109
565.095 -96.0413 1273.21 123 86 74
-67.0804 78.6808 1065.98 161 67 43
194.559 363.24 1324.87 56 56 49
16.6786 364.503 1144.71 255 251 249
-77.5387 86.4331 1064.28 144 67 52
-1.48197 238.414 1157.32 161 149 152
-31.4367 194.226 1036.84 213 193 167
23.0473 382.825 1225.7 160 160 155
20.8516 229.472 1114.18 255 249 241
158.683 39.4707 1148.75 255 243 230
165.439 29.4208 1198.79 254 240 213
79.9723 54.0573 1048.8 100 43 17
23.4408 372.039 1200.83 216 215 208
605.701 -93.4602 1400.73 201 184 168
-16.6809 239.26 1204.45 240 148 129
2.35996 83.5179 1013.78 255 203 188
790.53 -172.592 1454.83 249 253 228
591.364 -292.721 1500.69 181 149 137
-9.09292 237.59 1133.06 165 132 131
4.93738 209.829 1134.25 144 95 82
53.0207 42.655 1086.17 131 129 131
-38.1353 237.18 1080.57 111 114 111
-49.2828 126.822 1030.03 101 67 24
672.051 -252.82 1239.88 156 170 157
-74.9531 97.0485 1065.43 179 152 145
97.0977 168.722 1169.29 139 126 121
17.7522 18.3912 1078.39 255 237 201
82.2971 165.29 1196.41 162 151 141
-40.7984 164.461 1076.22 72 35 10
67.7855 229.286 1147.38 161 152 155
113.374 376.48 1259.89 62 39 27
10.9736 425.55 1226.57 50 56 51
72.2691 367.241 1234.29 202 216 185
-85.1814 25.8984 1059.13 211 138 111
687.371 -302.619 1368.72 196 223 214
-87.754 20.6507 1058.29 169 77 47
-6.39085 245.912 1066.5 255 247 242
21.35 55.4556 1127.13 255 238 226
16.1627 324.303 1167.97 136 137 124
-6.47438 205.86 1063.7 186 116 86
558.533 -138.079 1269.46 188 179 177
-20.6999 101.181 1095.59 155 110 78
44.9882 252.109 1167.66 173 155 151
705.274 -285.872 1307.2 36 51 49
113.234 -31.6128 1105.5 135 73 43
-11.5372 95.5457 1077.96 246 196 164
-6.15988 364.415 1073.92 109 88 64
17.6269 -16.1622 1076.01 241 183 154
152.878 2.78634 1194.37 255 240 220
638.166 -45.3542 1410.49 156 147 154
118.913 347.906 1241.32 209 217 187
201.258 94.0693 1231.12 243 234 219
-86.7617 14.7633 1016.69 217 127 101
108.571 -39.3941 1134.44 255 198 161
597.01 -60.9099 1330.77 248 246 248
-6.33098 275.41 1068.47 237 205 202
136.319 118.572 1202.1 180 138 120
522.856 -261.979 1433.82 167 163 162
-0.980166 26.3035 1075.54 255 234 236
-43.4236 60.4651 1069.64 139 165 157
-7.53619 365.072 1137.75 204 182 166
-35.574 149.89 1095.69 243 214 168
548.642 -59.318 1228.2 230 230 231
-2.2021 258.827 1128.17 248 230 220
172.677 332.682 1213.87 249 252 244
711.897 40.1456 1414.13 239 238 215
4.49759 326.98 1118.16 123 100 89
-40.7959 137.699 1074.72 238 214 176
150.7 -101.026 1135.08 233 224 205
546.243 -121.891 1216.94 242 238 243
191.312 172.117 1234.78 169 150 127
143.746 11.0849 1144.11 244 213 200
213.388 131.648 1270.4 255 240 218
-61.94 131.618 1027.77 170 143 131
56.9915 199.981 1118.48 155 158 155
618.612 -32.9353 1481.39 143 125 118
142.823 279.589 1294.12 252 241 223
77.5093 274.192 1175.67 199 199 179
199.242 294.91 1305.27 197 121 76
814.968 -221.409 1456.78 231 244 223
616.943 -99.5406 1465.45 190 157 145
656.015 -29.2114 1307.93 154 145 130
95.1567 260.102 1177.6 229 224 215
584.71 -106.506 1325.66 248 250 230
-64.5621 147.721 1070.44 84 68 52
146.147 -22.7484 1141.52 153 151 111
-7.59726 250.957 1071.05 191 173 166
648.941 26.7661 1358.45 251 248 216
1.51877 -42.5118 1071.36 196 167 146
-13.002 217.614 1153.16 253 228 198
-40.3437 154.503 1028.24 148 98 66
63.7749 21.2099 1086.47 173 149 140
-54.871 452.501 1442.21 145 141 133
98.6759 -45.9817 1198.96 251 236 227
-30.2018 68.5907 1072.72 178 171 153
-15.0023 252.74 1020.07 250 244 246
159.673 286.577 1357.21 242 236 231
71.2335 -72.2432 1080.75 139 119 82
89.2497 262.826 1176.8 184 181 166
118.839 187.249 1204.58 255 254 248
-4.51717 -40.1162 947.65 103 75 57
-27.5376 87.2652 1074.38 174 172 170
709.395 -117.977 1468.9 250 226 208
555.176 -62.8557 1180.02 240 226 231
40.026 238.39 1050.82 160 114 99
-1.58137 -11.51 1008.84 143 66 43
15.2592 -74.5306 1116.18 126 142 144
126.774 175.324 1174.87 254 249 222
608.126 -105.32 1271.02 224 201 175
597.709 -8.40404 1346.12 174 151 139
-59.2622 -2.80704 1021.1 236 213 190
723.905 -323.797 1424.88 182 217 221
622.986 -25.6439 1482.96 111 100 93
0.906158 402.666 1190.48 126 109 90
106.398 -93.8718 1084.3 78 63 54
12.2707 -16.1459 1075.07 246 169 142
645.653 4.90202 1348.57 233 220 189
419.78 -232.474 1246.75 168 168 153
754.784 -215.248 1350.2 217 246 225
755.801 -182.9 1357.61 238 251 228
164.551 151.955 1101.08 250 240 234
617.804 -102.22 1271.46 178 152 126
150.035 45.113 1147.93 254 243 230
901.572 -290.646 1634.08 51 60 54
133.686 240.711 1182.42 218 215 207
-9.13317 -55.5799 1068.57 83 61 41
586.053 -286.702 1365.64 185 160 161
3.42564 -14.0038 1009.49 182 80 61
601.599 -151.205 1091.4 200 214 186
-5.00207 7.25035 1021.01 195 116 94
-3.68492 10.3652 1074 255 235 226
172.961 116.145 1207.79 253 233 221
-8.89372 -7.1729 911.543 199 138 103
-4.75801 -7.60562 983.266 255 204 185
774.706 -44.4235 1563.61 197 178 166
191.42 46.4976 1219.19 221 207 185
-40.3627 195.825 1031.89 195 181 158
79.6808 -77.567 1140.38 196 165 144
93.2264 152.735 1146.95 112 82 62
1.68892 17.5616 1033.45 255 200 189
463.344 -108.352 1042.01 212 213 216
170.781 42.6514 1121.13 247 223 196
158.026 -3.03946 1144.98 231 183 159
95.2095 309.136 1089.23 155 154 123
-91.6591 -7.77553 1014.5 213 181 152
