436.495 -198.629 1440.04 247 244 233
27.2911 -38.9817 1224.03 253 237 231
38.2285 -41.0483 1287.16 255 245 247
-9.51915 391.34 1273.76 112 87 74
-43.8705 43.913 1106.72 26 33 29
26.2981 397.92 1300.64 254 250 248
-33.0624 206.103 1201.37 221 212 181
-4.57428 464.208 1284.1 251 251 241
-3.75817 373.064 1249.45 253 242 225
-18.7968 395.08 1291.11 255 249 234
84.2746 -26.4173 1268.22 79 8 7
-58.8468 66.0748 1161.08 55 10 10
66.0117 94.5723 1215.4 137 93 68
44.4626 317.895 1282.16 247 244 230
-62.9661 51.4494 1153.7 250 240 232
21.0679 339.97 1252.65 102 79 70
470.793 -69.7507 1533.97 231 219 197
526.979 179.846 2262.22 210 213 203
-91.9003 497.606 1476.49 229 227 213
-71.0548 67.378 1066.53 116 50 29
77.8156 115.827 1303.17 255 238 211
-79.8369 48.3395 1182.43 253 195 169
154.35 441.243 1490.46 51 51 46
-9.89426 416.703 1250.71 242 237 234
445.527 -69.5804 1450.94 102 58 34
-62.3757 45.2593 1041.48 106 55 42
-41.9338 66.3155 1191.82 116 114 106
24.2355 352.763 1254.16 255 251 249
-28.4321 361.501 1268.42 255 246 249
37.9648 288.826 1279.44 103 79 61
490.348 -148.388 1524.62 250 248 249
69.2017 108.655 1275.34 221 199 184
74.13 122.522 1240.35 238 208 179
-17.9945 452.778 1379.58 206 189 177
-68.3253 62.7661 1102.33 251 221 184
-44.6374 261.649 1178.12 158 146 145
335.854 122.588 1825.86 81 76 64
561.036 -8.16116 1724.87 98 103 104
568.105 -199.178 1483.24 255 255 242
499.364 283.905 1677.9 223 244 250
569.463 326.306 1899.95 162 195 208
-22.1456 371.431 1270.21 254 254 251
-31.5773 132.159 1163.06 121 64 42
59.5721 102.122 1272.98 125 76 52
24.2149 346.438 1253.75 255 249 239
23.6769 332.571 1277.81 237 207 191
85.9397 157.557 1251.58 255 248 232
491.91 239.074 1874.94 42 57 64
67.9804 146.937 1240 142 119 105
53.1929 102.056 1271.69 255 232 208
-25.8334 115.016 1163.7 120 80 65
57.7519 101.228 1366.77 131 86 65
-67.7788 92.7434 1086.92 255 224 222
-61.8551 158.564 1167.31 119 89 77
588.624 -1.79631 1845.36 187 186 185
-24.1354 60.2123 1217.88 157 143 146
572.012 -69.9093 1725.93 255 244 221
71.1783 93.182 1300.83 246 207 191
542.075 -200.537 1521.72 227 213 205
55.4748 122.175 1236.69 255 249 231
-8.94168 340.209 1139.21 210 191 172
25.5121 425.62 1282.49 89 64 51
657.038 -224.573 1703.84 177 180 163
70.408 190.89 1310.97 165 148 144
48.2752 341.739 1319.37 200 192 172
-24.2603 36.9651 1193.78 119 120 97
141.544 185.01 1388.08 125 104 83
44.42 25.3751 1206.84 178 128 118
575.393 -18.8903 1735.54 255 250 249
-27.089 260.237 1205.19 251 253 242
519.306 -23.8208 1632.71 238 220 218
-74.9846 161.417 1210.53 57 16 18
603.132 -70.1169 1729.2 255 249 236
12.0093 296.901 1307.99 160 145 142
-79.0929 35.4964 1099.19 253 169 139
94.4948 174.429 1308.83 156 146 137
37.9525 20.4367 1173.01 145 125 105
80.3371 113.397 1241.22 143 93 62
14.3527 390.514 1281.56 117 111 110
448.744 -118.264 1455.45 90 68 61
-30.0873 218.188 1202.6 233 202 184
-68.6009 106.184 1245.64 248 233 230
-0.41905 96.5661 1202.36 255 249 228
-126.371 519.793 1594.79 179 172 157
13.8169 431.84 1310.97 251 238 234
-34.5334 265.849 1203.81 156 164 153
511.569 -47.2799 1541.89 253 248 251
-97.0311 430.778 1292.2 142 144 128
-39.8546 309.679 1328.25 130 140 140
383.278 -216.333 1584.46 70 75 66
759.158 354.777 2191.29 136 148 145
-68.2297 421.884 1237.78 143 140 124
604.639 -48.8781 1733.29 243 218 212
67.1769 169.563 1249.04 255 242 223
67.6093 72.9761 1180.64 111 76 48
-60.0444 195.336 1276.47 147 149 132
63.955 157.023 1247.33 255 246 228
492.888 -125.217 1589.7 215 198 189
20.0201 427.249 1347.56 187 185 175
595.684 179.129 1880 50 54 42
618.085 -200.768 1597.38 237 246 228
-51.3975 172.541 1074.83 249 241 229
410.575 -240.675 1657.72 60 59 64
-13.1067 331.693 1244.75 170 164 157
-84.5449 103.41 1100.18 97 58 50
504.672 -5.90192 1729.17 144 128 120
-42.2778 205.561 1233.68 230 223 195
-66.0662 155.741 1212.32 195 194 193
88.7515 150.268 1281.92 195 171 152
-40.4784 277.672 1203.61 250 255 255
0.346796 270.102 1229.88 254 250 246
-69.5298 107.554 1226.19 123 42 23
558.251 67.0959 1748.31 199 193 169
-2.61084 29.1615 1239.08 255 245 233
499.006 -133.612 1527.79 255 253 251
20.7895 126.952 1371.19 144 88 62
-17.9438 47.4357 1236.23 255 239 241
576.082 231.132 2007.58 110 128 123
601.646 -46.3361 1898.1 243 235 238
-22.3801 296.831 1240.33 171 120 110
570.872 -92.2209 1704.44 255 247 234
469.999 -162.904 1520.17 132 121 113
494.561 -53.7606 1625.11 201 191 197
582.055 -53.0116 1730.12 248 235 240
-23.5449 360.613 1304.91 254 250 254
137.06 40.9679 1379.96 194 123 102
-2169.49 -52.4648 3005.87 161 178 170
484.88 -302.291 1875.77 214 175 155
565.577 -15.8767 1637.64 216 196 187
634.96 61.6668 1658.84 255 255 232
-48.5071 247.596 1146.35 211 212 206
484.672 -107.339 1530.12 223 200 209
503.956 -14.3653 1478.45 144 116 116
-123.836 579.339 1770.91 70 56 36
37.3112 104.968 1268.65 145 123 105
533.321 -52.5833 1586.73 236 229 225
592.983 61.6386 1656.48 255 254 229
34.5691 225.036 1275.43 248 186 187
103.167 133.062 1198.02 187 171 154
-38.9941 170.125 1198.27 248 231 200
411.773 -83.5281 1446.31 151 125 119
-52.4579 89.1777 1126.82 59 41 47
133.41 29.2252 1309.96 254 229 218
446 -68.8749 1515.26 221 170 148
454.952 50.0138 1441.32 124 114 87
-89.5596 15.0864 1201.47 153 130 107
705.088 -205.259 1811.82 242 245 225
-50.3535 153.102 1169.43 150 111 111
2.91957 255.455 1270.34 254 250 234
2.36773 332.584 1248.18 184 124 85
629.801 291.885 1832.27 137 149 149
469.822 -129.357 1438.22 179 165 153
-48.1379 54.0024 1212.41 134 112 115
-153.319 193.062 1201.63 55 5 1
621.884 -116.574 1722.25 255 252 241
-19.8324 433.266 1361.1 121 117 114
-58.8072 172.084 1222.77 247 221 197
-28.6081 -40.4974 1272.78 99 76 59
572.742 266.116 1888.11 146 167 161
137.112 47.7713 1380.37 255 240 216
690.012 -79.1139 1953.03 193 173 165
81.2994 316.943 1324.25 178 177 159
590.056 250.246 1891.12 89 114 137
505.678 -39.8088 1628.18 153 144 145
557.075 170.717 1725.71 133 138 126
-172.696 17.0496 1214.49 134 105 82
120.095 19.507 1306.9 185 122 113
-8.01014 290.261 1188.33 192 154 154
534.309 216.477 1767.99 115 161 157
-86.0467 11.1663 1102.7 239 210 185
135.15 68.0867 1310.53 255 250 238
583.823 -136.386 1880.01 124 117 113
18.4735 280.79 1308.09 253 251 246
519.969 -121.424 1617.1 229 230 235
474.051 -1.56665 1543.84 128 113 113
427.717 -4.90926 1401.9 176 151 144
18.7678 292.298 1234.12 173 138 140
94.945 219.583 1423.86 187 159 149
-3.26672 43.972 1145.89 255 253 247
523.655 -129.338 1616.19 169 168 171
-116.014 83.1247 1198.2 158 132 128
117.522 24.7656 1244.52 255 243 231
51.4162 369.572 1198.2 213 219 189
707.53 -76.7292 1954.69 140 128 125
-8.34577 283.268 1171.5 255 248 248
523.034 -25.1572 1465.68 125 107 94
6.46485 270.368 1231.14 213 211 206
607.535 -142.841 1610.61 223 220 192
-80.916 167.103 1209.41 189 144 135
132.814 24.965 1344.92 254 222 213
-25.8567 74.7011 1162.34 220 200 198
-0.954089 312.61 1306.39 252 219 200
-3.12625 4.3334 1095.4 149 74 52
536.825 27.2439 1563.94 254 253 219
619.571 -185.4 1601.02 187 202 184
618.141 290.765 1897.82 153 178 176
533.89 156.619 1645.44 121 116 96
139.936 51.6669 1348.57 253 221 200
-2268.14 -80.7614 3257.12 131 148 141
598.354 312.566 1901.98 143 176 178
7.8157 3.33837 1279.37 232 161 134
-23.458 260.733 1329.26 172 122 106
36.613 235.323 1315.43 171 106 99
370.224 -240.78 1471.49 105 93 75
611.421 -305.145 1782.31 166 189 181
2.3793 4.6439 1197.19 255 190 167
-4.56023 287.294 1088.06 251 182 156
463.469 -89.2773 1615.59 66 25 20
615.463 184.032 1883.37 239 242 237
13.9217 69.7516 1150.69 250 255 251
155.629 140.245 1262.41 253 237 220
502.601 367.141 1904.59 67 81 78
126.566 72.3092 1218.48 211 156 138
0.490341 441.309 1295.9 93 65 44
79.2948 180.57 1179.89 167 150 152
593.045 -86.9793 1725.02 182 144 126
570.847 -71.1099 1812.66 108 94 79
-8.38491 239.765 1170.63 171 144 126
109.179 17.3657 1161.68 198 158 148
