341.861 95.4629 1006.07 14 17 7
-551.629 431.356 1154 62 60 56
-537.633 383.019 1116.9 57 50 41
-314.706 450.109 1200.06 187 190 188
234.752 17.3879 1006.3 251 249 229
330.486 137.652 971.973 75 88 84
239.659 162.377 1096.38 233 203 198
-376.912 156.991 1059.64 255 245 227
-522.687 419.745 1126.82 215 214 201
285.002 1.06147 958.532 235 229 221
404.596 209.981 1058.35 214 216 214
-373.651 189.129 1086.54 250 231 209
386.629 211.832 1017.7 216 223 221
-513.34 634.033 1344.76 18 24 19
-309.911 343.771 1088.94 231 221 197
-530.734 386.838 1119.96 211 202 188
-501.84 55.5042 969.933 244 238 220
328.648 472.964 1406.79 49 87 90
109.964 38.8711 1012.74 251 244 246
-335.961 298.626 1105.41 255 244 219
277.552 188.641 1115.59 240 223 214
135.78 56.8515 980.311 254 254 246
244.039 223.896 1055.6 92 89 89
389.696 229.681 1018.97 251 254 237
-496.424 182.821 1072.98 255 240 228
373.542 396.601 1203.44 64 82 78
-532.089 57.4884 1004.15 203 194 187
264.1 -60.1886 919.458 228 227 224
-480.62 611.778 1284.57 65 75 67
362.088 6.10132 1000.74 251 255 243
163.06 171.113 1028.13 229 207 204
278.268 -55.7808 920.977 211 204 221
129.079 155.078 1022.34 252 245 247
-495.523 202.863 1047.09 244 225 208
-333.611 244.062 1273.15 207 184 168
-472.97 70.4929 980.117 71 54 39
230.539 113.487 1033.6 92 72 68
266.267 -89.0399 1003.78 254 251 252
198.182 52.3744 987.995 255 251 239
375.6 171.844 996.927 247 255 237
-366.746 247.95 991.023 119 70 56
-275.16 359.157 1217.04 63 60 47
239.169 -85.6083 964.626 70 88 81
202.467 179.045 1074.93 228 228 222
-626.254 116.356 989.908 224 208 201
-462.405 110.503 1051.44 51 1 1
-400.388 89.4445 895.102 45 15 5
241.88 -8.10148 921.074 66 40 39
314.432 -67.2649 938.804 102 111 95
280.734 -51.2719 921.516 56 48 64
199.725 188.673 1140.33 255 246 238
-338.486 353.907 1161.23 253 247 237
-478.788 246.22 1056.31 254 252 248
198.146 254.675 1146.3 223 211 194
258.396 -82.808 945.587 241 253 250
-386.181 242.17 1167.24 144 117 98
275.744 -62.5296 920.267 140 138 144
238.303 181.204 1000.38 104 75 73
-539.298 368.521 1114.52 246 242 223
-402.544 172.204 1142.36 108 94 70
-377.057 364.324 1119.11 200 182 172
-494.806 492.551 1202.2 247 245 248
208.084 142.182 978.143 197 173 155
-338.384 292.881 1104.31 130 89 73
107.839 36.9233 908.443 231 229 229
395.515 512.962 1348.15 221 241 255
-431.278 99.711 972.751 184 124 107
-366.86 464.033 1201.01 216 219 217
-350.263 256.143 1098.29 244 229 206
-596.073 443.674 1269.8 208 195 181
278.826 -101.468 1004.28 170 185 186
105.955 97.95 992.431 144 111 110
-389.132 26.397 1049.55 159 144 137
369.783 15.0751 1020.34 244 255 236
-374.694 370.265 1120.42 99 71 59
121.683 43.71 910.587 254 242 242
-392.048 128.663 1073.55 226 213 189
205.022 17.5453 951.59 202 183 162
-455.948 68.3665 985.472 129 55 46
229.644 59.0431 1061.48 137 112 98
96.4363 -37.3637 949.549 181 159 133
206.95 115.098 1071.4 231 213 189
-335.935 359.995 1162.44 140 119 109
-326.45 301.181 1080.61 124 81 55
-354.791 127.308 973.608 128 104 79
-381.426 141.034 1057.49 220 196 177
166.391 133.005 1067.01 251 254 250
108.465 103.661 1088.96 139 112 114
148.501 249.246 1086.03 213 216 196
353.19 -6.17235 993.834 96 106 104
369.92 116.837 998.353 221 237 228
-353.515 123.064 1195.62 155 141 138
81.7531 -81.3568 1105.51 47 44 33
208.267 200.611 1077.01 116 96 79
356.259 -2.5178 1018.05 216 227 227
236.193 134.1 1035.62 235 216 210
-385.456 172.253 1081.67 255 248 218
-458.046 242.557 1063.05 224 220 206
-511.948 222.637 1093.16 233 214 196
273.008 -88.677 985.324 77 97 98
-456.077 75.6567 985.766 106 30 14
286.528 400.456 1266.56 60 83 91
120.641 142.677 1060.79 112 105 99
319.813 -3.60259 928.215 202 225 215
-534.001 406.538 1121.07 197 192 187
-324.099 306.828 1081.78 234 206 178
-477.912 213.844 1069.79 248 232 201
-352.271 114.338 1138.99 50 29 15
71.6419 -27.9536 948.005 39 40 43
348.48 -8.42947 963.088 248 255 244
307.664 -101.866 1089.05 215 240 231
-305.091 413.152 1257.79 193 192 189
428.75 260.052 1151.64 247 253 243
-393.193 148.832 936.298 148 106 90
340.951 -13.1521 962.131 238 249 236
97.6668 93.8968 1014.23 255 250 242
349.671 27.2572 966.009 241 255 235
-372.466 289.36 1034.2 114 84 89
250.181 377.781 1138.27 184 216 246
-551.334 449.694 1175.8 142 142 134
-398.697 190.783 1004.88 145 106 91
214.921 -66.5226 963.039 173 150 135
128.845 140.14 997.225 219 209 222
-348.135 116.962 1256 193 171 159
391.394 187.604 1071.5 218 234 214
134.336 -65.7669 972.345 220 166 144
397.569 157.209 1054.11 238 255 231
245.266 -16.7644 969.027 199 177 170
270.307 269.979 1089.06 237 243 225
-349.517 151.508 1299.51 145 146 142
-384.042 156.684 1057.51 241 229 207
-387.533 498.991 1303.62 33 38 29
111.073 -127.69 1155.39 118 113 103
400.367 343.208 1203.59 216 235 228
-537.966 340.139 1111.63 144 135 133
-472.107 238.21 1084.73 233 212 199
167.623 18.2244 982.048 173 169 158
168.752 -97.7606 1032.22 124 80 64
355.652 6.83513 945.56 235 243 215
253.674 277.576 1087.28 242 224 200
99.4137 -130.275 1153.33 214 194 179
-372.787 134.537 880.809 202 157 145
340.584 473.47 1202.64 98 141 157
-402.959 327.433 1139.23 102 81 81
-376.771 50.2221 942.019 255 252 213
-565.558 310.884 1081.54 165 159 157
-484.375 174.432 1002.53 231 200 175
264.823 81.7346 962.084 252 244 212
-372.325 376.235 1121.71 185 166 151
102.395 106.963 1031.4 255 245 242
-476.75 235.183 1083.01 88 78 62
180.782 123.716 1100.78 230 182 157
-326.341 330.04 1110.27 249 240 208
66.4223 -20.1008 966.057 91 90 87
-578.185 321.062 1093.41 250 237 238
203.214 174.257 1054.31 146 123 124
148.104 184.593 1083.95 113 112 117
-376.729 278.496 1031.7 115 87 81
-379.55 109.835 1010.54 251 248 217
310.501 36.6978 963.429 193 189 173
-346.493 360.976 1049.64 154 120 109
173.094 -41.3724 904.242 182 185 165
342.881 341.571 1172.84 253 254 250
-407.87 209.507 1029.93 152 127 116
70.5567 -70.1866 1059.74 95 97 89
-372.345 126.061 1210.06 165 150 140
-391.203 134.424 1008.26 245 222 195
107.832 95.9586 997.077 241 224 221
221.826 -147.284 1139.48 38 31 31
-509.247 364.432 1026.46 240 238 221
165.086 249.821 1088.6 43 41 28
253.568 -10.3536 922.027 55 44 41
-327.628 441.402 1229.01 231 216 190
144.422 -46.826 974.867 171 168 158
368.087 112.212 990.7 212 229 204
208.068 -114.607 1095.64 115 88 85
-377.636 312.692 1065.77 214 203 202
-381.461 333.221 1094.12 245 238 229
-404.01 120.727 1085.23 187 157 137
-462.519 231.632 1187.09 191 159 140
-425.926 248.423 983.162 161 158 154
219.401 181.483 1051.05 251 242 221
282.187 476.535 1248.94 95 123 125
260.019 195.484 1056.81 206 178 148
218.22 167.24 1035.36 107 79 75
-570.666 172.075 988.529 133 116 114
173.826 164.825 1044.18 211 169 172
129.963 -43.6673 906.856 182 183 167
177.248 148.399 1133.37 254 249 255
-395.358 296.317 1087.26 231 212 208
-319.41 267.315 1188.91 199 174 158
323.963 466.259 1254.55 99 138 152
-542.527 450.443 1159.16 88 91 76
-383.686 41.0734 944.969 255 247 214
404.838 166.519 1071.99 231 246 242
-542.727 342.366 1110.07 239 237 236
206.13 50.2041 970.455 129 104 83
-494.178 144.059 997.06 158 151 154
-440.77 212.969 992.69 239 223 207
-535.067 435.944 1132.82 246 244 239
414.586 197.131 1038.85 74 69 55
360.53 115.651 1009.19 202 215 205
-525.652 396.467 1159.86 218 216 192
117.417 -51.0391 987.765 163 164 145
-562.699 407.652 1120.33 121 123 107
353.357 50.6493 1003.7 216 226 199
213.535 9.51107 966.703 105 89 73
219.353 101.206 989.323 149 89 52
335.099 264.599 1017.91 250 252 235
-466.718 75.3978 982.363 193 184 177
-586.571 281.391 1070.68 100 81 62
180.59 -113.507 1073.14 193 171 161
-441.281 90.6592 991.11 92 33 14
359.513 -38.604 978.922 248 252 223
-457.767 366.526 1092.38 250 251 237
-399.654 143.447 1028.31 177 125 106
-623.84 151.024 993.994 233 231 224
-452.697 198.373 1030.8 162 125 98
127.923 41.4422 1015.47 193 173 172
-466.514 156.969 1104.5 104 56 54
-400.77 168.969 1053.13 254 253 230
182.12 263.278 1100.04 221 224 191
-347.038 210.563 1034.57 238 209 177
123.13 74.096 1016.83 243 238 241
264.088 -71.4633 933.902 163 206 197
102.46 56.3606 1012.73 241 232 229
181.891 177.528 1269.92 212 194 191
-641.97 135.709 1016 255 245 242
222.868 195.458 1099.9 255 250 239
-450.689 243.895 1116.68 159 131 113
-457.264 182.014 1108.78 170 123 110
117.81 71.4508 1032.35 255 243 246
344.79 325.823 1143.29 53 47 41
320.441 65.4099 1001.91 245 243 224
-580.466 371.835 1137.14 253 238 229
-550.44 341.28 1056.18 173 154 155
-472.437 619.982 1288.45 217 224 217
-564.419 315.332 1047.86 159 153 151
-338.18 225.275 1026.33 253 251 224
226.669 8.16347 953.311 217 212 191
352.169 12.3497 1004.02 201 205 190
-482.814 164.855 1027.08 239 216 194
304.834 -67.2163 937.955 91 99 78
-381.144 106.671 1004.38 230 220 182
342.181 33.759 980.86 227 229 229
170.963 -96.8629 1050.51 204 200 187
-598.745 356.001 1163.11 254 252 246
-568.906 324.003 1136.46 144 136 133
229.462 9.35653 1066.25 199 175 158
413.189 148 1141.29 231 250 233
244.342 -71.426 965.979 77 86 91
-361.67 77.0025 1147.21 183 158 147
257.195 -55.6301 919.188 56 53 52
178.212 1.14575 947.503 194 162 146
-321.314 132.458 1149.98 137 125 116
-413.246 116.211 1000.87 230 218 210
257.925 -8.34754 955.311 136 120 121
-518.107 391.992 1088.63 86 75 72
316.004 315.345 1216.2 224 208 176
363.199 344.942 1199.34 230 233 231
-419.215 136.462 978.588 220 173 161
104.584 -36.1711 917.234 173 172 134
105.727 133.09 999.547 238 221 206
-473.188 217.483 1025.24 197 184 161
-569.121 413.657 1164.1 93 89 82
-528.206 333.465 1072.9 140 125 118
325.674 271.798 1141.19 244 246 215
356.005 -12.5421 1017.41 197 215 205
115.754 160.943 1035.39 211 194 188
165.598 -40.745 943.366 155 143 124
-551.684 175.741 949.516 255 252 248
388.003 134.632 1030.6 208 237 211
-337.301 246.008 1243.55 166 133 115
263.879 83.957 1095.91 201 184 166
-580 244.82 1033.51 236 227 198
228.682 -55.1153 931.166 151 140 129
351.276 -37.2343 940.678 111 124 115
100.526 -134.198 1126.3 179 166 154
172.882 -146.388 1133.71 86 68 62
-356.339 33.9881 1222.82 74 74 70
-523.953 448.632 1129.71 96 91 81
81.5401 -111.098 1103.61 198 189 169
182.864 -44.2038 996.769 165 162 142
-606.591 196.597 1054.27 152 109 85
367.447 282.33 1127.4 174 172 152
-597.12 302.014 1083.24 141 140 137
206.19 50.7373 937.43 240 216 199
172.995 -99.0401 956.46 139 112 95
174.77 -44.9507 958.914 186 175 156
-575.936 334.956 1169.58 161 154 152
-417.538 132.501 1021.95 234 220 214
289.612 -69.4265 920.871 43 49 42
245.628 196.001 1126.12 134 87 81
249.305 71.931 1022.91 125 103 83
-424.119 236.694 1000.14 167 163 159
-402.03 243.243 1107.18 255 244 233
115.372 153.145 1060.58 203 196 197
-531.756 319.24 1060.78 145 133 130
186.281 143.504 1029.79 241 222 232
-562.048 447.626 1151.88 179 177 172
173.826 105.981 988.204 246 243 214
235.713 369.727 1161.25 98 142 161
207.188 -153.119 1185.94 152 156 151
160.418 -91.6352 1049.65 172 160 135
463.015 225.353 1148.5 198 189 176
307.61 99.273 1058.69 233 232 198
212.05 151.935 1138.75 204 184 190
231.124 8.92465 1026.24 156 141 129
398.816 229.017 1080.01 194 218 203
195.211 -68.7809 996.951 8 10 4
118.04 79.0726 1016.39 136 116 116
-530.148 310.235 1043.78 220 215 212
-329.317 287.028 1248.69 93 65 59
414.831 240.444 1120.28 189 208 194
193.732 48.3728 1084.68 232 193 159
383.22 52.788 1044.55 231 244 228
-343.492 60.9542 1137.75 152 133 119
221.589 -3.59787 951.984 130 116 99
-331.104 126.911 1262.6 39 39 35
259.331 98.3901 1035.99 253 240 232
291.375 -113.903 1004.71 152 161 161
200.357 -6.84386 901.304 163 150 134
-295.943 265.543 1086.78 157 133 119
-557.096 306.739 1100.08 212 161 143
290.109 397.813 1220.51 128 164 164
212.503 138.855 1032.95 219 188 181
100.634 -117.652 1127.12 171 155 139
108.966 -142.681 1173.67 85 85 81
-615.859 114.228 1003.44 240 255 232
198.804 117.637 1070.49 251 217 199
385.182 196.488 1055.68 180 188 176
175.995 -43.9834 912.043 172 155 148
249.522 133.902 962.483 248 225 205
123.717 185.062 1063.69 199 202 195
-639.05 175.747 1038.74 240 234 229
260.837 435.877 1169.55 107 134 142
249.013 72.612 1050.25 226 192 174
359.247 261.283 1070.43 162 163 144
213.255 287.352 1199.6 195 193 160
273.638 147.581 1040.91 171 141 121
-576.483 258.292 1036.49 232 215 189
321.827 -76.6845 1002.72 127 129 131
407.752 298.877 1175.54 240 235 208
263.928 -71.3601 888.132 184 212 206
338.174 -78.9743 940.128 175 186 178
110.993 51.8618 976.601 190 187 189
317.071 -33.7082 975.41 70 81 57
96.866 51.5139 970.09 176 164 166
136.595 135.688 1037.71 192 163 154
202.701 7.1223 966.349 78 48 33
411.728 402.821 1284.03 133 176 179
-334.728 264.818 1245.59 107 73 54
-518.827 282.828 1014.9 250 233 230
-313.88 103.597 1160.22 136 124 111
314.174 169.032 1169.65 188 174 152
383.627 96.0876 1026.19 241 254 240
-358.668 83.0032 1015.36 142 134 127
255.441 13.4624 991.688 135 121 108
284.228 175.021 1059.12 194 182 165
179.134 86.3202 1013.97 210 194 168
-679.006 272.649 1186.71 151 129 98
211.57 9.94278 1003.13 196 168 150
400.22 174.616 1097.39 214 234 218
295.544 -141.523 1084.75 48 100 96
270.335 468.78 1244.72 104 131 146
-517.172 118.799 1032.83 195 175 159
-417.887 192.459 1121.49 243 218 190
313.567 80.3223 1018.23 232 229 193
147.67 -88.5239 1028.58 200 148 120
216.264 -106.167 1078.21 114 92 85
134.852 229.2 1111.81 73 63 47
-337.996 314.39 1278.33 124 98 93
-399.607 430.319 1236.33 186 125 101
120.137 184.874 1047.93 111 97 83
207.055 -158.891 1185.3 72 83 80
236.855 13.7532 935.329 182 162 151
-605.181 299.371 1133.39 255 247 233
-576.968 176.994 995.609 192 182 182
153.6 217.309 1237.94 80 69 79
114.977 55.8532 1004.1 249 246 249
265.385 416.137 1243.53 148 184 185
-387.743 31.7041 943.38 200 192 164
-499.306 353.19 1076.35 203 220 189
376.672 178.401 1034.11 166 177 154
167.803 125.637 953.304 245 226 220
285.178 -60.3446 921.203 114 111 113
144.066 -120.727 1185.47 165 118 108
159.435 -116.731 1104.53 207 148 128
236.303 257.186 1176.97 168 169 161
209.631 223.844 1020.41 252 255 248
280.876 270.422 1153.18 255 255 228
-413.289 211.33 1140.78 250 229 198
-335.524 272.924 988.931 253 230 218
324.095 -64.5815 1027.31 91 98 98
116.311 -80.4932 1040.66 138 134 123
246.269 239.541 1128.51 147 133 97
257.205 101.925 941.018 201 196 190
-393.195 84.2731 864.805 255 238 213
-415.361 165.527 1098.47 241 187 153
237.797 -4.93985 1003.73 182 163 147
-600.308 198.897 1019.75 170 169 168
201.777 125.88 1030.77 135 110 88
230.834 256.106 1159.17 254 253 252
300.909 -79.2418 988.508 167 201 201
182.97 -150.643 1190.03 155 147 138
-401.265 100.701 982.219 198 171 135
-554.216 340.893 1105.42 252 237 237
305.42 216.705 1111.74 246 245 236
