-30.2316 174.325 807.823 218 209 203
32.5096 229.541 874.316 218 217 207
64.5596 283.269 901.223 238 235 236
44 -20.1085 897.335 245 247 243
-208.453 -19.2511 1569.21 185 178 176
-131.656 -21.1039 1283.37 200 186 177
-120.91 43.2019 853.145 221 201 194
-3.05554 -49.1897 1048.72 233 221 224
152.163 -18.6624 863.341 220 234 231
-90.3293 92.5125 771.332 225 227 222
-206.929 -26.5009 1350.02 50 29 19
128.111 311.812 954.836 201 188 189
-131.262 60.4234 851.542 225 212 209
-42.1841 228.58 807.138 201 208 201
55.6783 -35.1569 979.786 251 249 237
-58.3591 115.616 784.004 172 167 165
-16.0384 -44.1439 1046.63 238 240 235
78.7574 222.813 881.044 238 218 210
50.718 -24.4785 898.085 99 108 104
-54.365 -12.74 1084.93 181 174 183
41.7024 200.844 830.724 227 209 194
-338.534 24.1775 1443.39 239 230 211
-225.479 -59.2837 1437.49 165 137 129
-61.8941 39.9779 825.554 74 110 109
-335.37 31.3283 1445.29 113 88 64
72.5843 -46.2104 946.149 208 202 196
77.9341 238.386 901.378 186 160 157
-86.9251 48.2837 849.207 42 56 56
-78.7975 4.43789 958.299 227 193 183
90.8116 -40.5324 960.836 241 245 237
87.106 250.245 903.27 232 218 216
-97.5801 48.9625 908.235 65 70 72
-26.0198 36.466 859.126 224 225 220
74.677 240.094 911.769 190 193 194
-308.296 -106.806 1407.5 168 153 132
93.66 -28.5865 903.657 214 229 227
159.242 179.098 890.549 53 16 3
171.259 149.17 861.908 186 169 159
-10.6882 247.456 830.711 166 148 127
-65.2693 7.44707 1012.37 80 86 85
-327.27 8.76476 1366.91 243 234 214
-372.504 40.7212 1630.79 246 229 207
-200.02 -59.6813 1348.06 245 231 226
89.0962 -30.6281 902.954 112 121 121
67.7374 223.719 910.235 210 184 177
-330.282 1.97997 1365.26 125 105 87
-35.5119 -24.8656 1066.19 243 204 188
-87.6426 93.104 748.621 151 154 144
-54.52 138.693 754.835 123 131 128
-308.72 73.2101 1400.97 125 96 82
209.468 124.532 936.222 50 28 20
-166.163 -41.4142 1429.91 149 131 129
-18.9606 32.4384 832.214 210 194 196
265.493 343.968 983.201 65 56 50
31.2471 -48.9404 995.854 60 25 1
-345.516 88.8994 1596.1 191 171 152
-42.1835 232.658 807.223 160 165 160
-301.864 -95.3093 1333.26 168 141 129
111.38 281.241 894.078 162 156 161
-250.859 228.092 1374.7 255 253 236
-46.1572 148.945 804.651 27 25 24
-297.445 -100.991 1295.86 156 131 116
163.121 -18.5377 864.598 97 83 74
-333.153 -11.4913 1363.02 129 109 92
179.403 171.38 901.433 43 46 44
-268.998 178.993 1401.4 163 149 135
181.65 162.303 901.531 53 46 29
-336.148 -18.2072 1361.37 223 203 182
202.636 182.322 960.397 125 127 128
-13.7827 110.999 783.892 43 58 60
-21.0443 1.42143 933.216 123 100 83
4.1886 277.386 842.286 185 169 163
-274.133 -119.612 1371.7 150 126 111
-47.3053 143.101 766.763 58 58 54
-68.1826 46.4296 852.424 159 192 194
-5.76543 -22.2142 991.345 215 183 163
-11.7919 -0.730082 934.695 243 216 216
154.254 179.628 898.445 144 114 100
-324.423 -94.0826 1287.95 173 159 135
157.64 179.743 909.463 171 136 123
34.1644 250.363 853.081 149 117 110
58.7413 233.136 899.043 67 74 75
-276.713 -115.445 1339.66 155 132 110
-108.999 -43.0696 1596.3 173 154 138
-217.309 -128.4 1317.28 135 110 89
-72.8548 46.1288 861.765 90 125 127
159.668 303.821 959.083 209 135 129
59.8073 210.739 856.32 190 194 188
168.409 190.642 892.091 186 168 165
-283.177 -46.9828 1304.78 151 142 133
-111.338 79.4274 800.061 191 201 189
-213.041 -46.378 1345.89 77 43 32
-274.222 -34.1621 1308.59 152 143 128
195.456 162.712 903.203 148 132 132
-243.353 153.876 1250.73 214 195 174
255.291 294.913 1007.45 128 110 105
-18.7546 -21.4021 932.879 255 158 137
-48.5511 129.79 778.966 47 45 39
-275.149 150.934 1396.97 222 206 190
-9.06225 -18.8443 954.158 143 87 117
-41.4844 117.867 756.417 56 63 61
142.592 289.767 912.882 178 152 144
-163.99 -110.144 1484.01 111 149 140
-152.771 49.8288 877.623 174 174 158
-275.495 59.1864 1226.1 205 178 156
-331.2 -32.6327 1310.55 222 202 180
-146.599 43.1752 825.989 88 86 78
211.49 239.705 864.432 151 100 90
-324.312 -100.378 1287.46 97 83 65
130.556 294.432 890.002 139 147 150
-67.5682 109.336 735.98 160 148 143
170.884 215.471 893.209 10 46 45
5.75347 123.705 787.089 109 106 105
80.1883 -56.6828 982.526 180 169 168
-152.988 -68.1315 1274.32 136 102 89
10.2723 -55.6219 937.97 159 158 147
-34.269 114.595 813.319 78 90 86
-102.152 58.35 745.626 90 119 115
21.3402 -50.1203 949.938 192 149 128
102.504 125.138 838.601 123 66 42
174.051 221.293 907.216 14 31 32
225.239 262.971 909.502 81 49 49
-33.8398 9.57994 966.665 150 126 119
135.318 257.102 942.277 24 51 61
138.769 220.938 929.287 64 67 68
-135.286 37.0527 885.595 125 124 127
-282.183 -21.6281 1378.73 114 113 112
79.7196 -46.1517 947.172 192 191 190
103.221 214.989 884.286 50 33 11
76.0551 -47.6626 915.615 69 68 55
-81.9801 37.4243 890.663 85 127 135
-49.5109 -0.859665 864.74 161 131 124
-156.348 179.831 1086.54 94 86 75
163.051 116.445 898.219 140 110 98
23.1245 -18.3708 864.677 196 144 137
17.7895 232.664 808.79 155 122 104
196.249 285.39 919.725 96 60 53
-67.6493 115.153 775.567 119 109 109
38.9855 -51.1466 1077.58 64 34 11
125.565 202.464 886.958 114 106 100
96.543 219.153 883.473 82 54 35
-37.569 1.81161 987.067 147 110 100
-146.668 -40.9668 1497.24 169 128 125
29.2878 -17.7394 927.068 196 169 161
48.5542 239.234 896.903 130 123 125
-32.3647 121.348 860.745 128 144 144
185.058 283.594 896.815 98 59 35
-225.62 -45.1367 1438.55 93 60 47
-113.376 43.8493 873.686 53 85 67
-302.197 -60.9534 1385.34 163 144 128
-158.941 171.649 1085.74 127 116 103
-139.422 -40.9875 1499.32 110 75 72
-21.9054 180.289 841.601 46 28 26
152.557 192.334 890.154 113 88 74
158.981 229.525 944.066 50 52 46
34.0203 7.21931 867.218 8 60 56
203.85 305.942 965.044 174 142 123
-269.898 -120.633 1302.61 146 124 102
-23.4905 104.631 782.275 47 66 64
180.05 222.573 894.563 100 103 104
29.0458 7.59769 827.901 59 109 101
