-51.7187 -17.4568 825.304 68 61 50
-19.6893 -3.30749 858.489 97 94 96
-28.1062 -33.7651 883.242 5 9 6
-59.2059 -21.4375 866.849 247 228 228
-48.5408 -12.9221 869.01 213 221 220
-67.0329 -22.1049 849.76 219 202 201
-433.433 309.618 1209.58 252 249 241
9.00796 -43.4577 859.872 247 255 255
-20.7777 -34.8988 856.211 236 238 233
112.005 411 1093.81 100 107 107
-11.747 13.1373 833.802 247 255 247
-67.2313 -79.1692 934.691 247 237 226
-163.827 -11.0119 908.746 225 209 193
110.969 285.399 951.012 254 254 249
-428.634 28.0654 1160.92 33 20 12
-434.487 162.061 1304.57 56 31 21
-429.225 35.6426 1219.64 209 199 195
-366.92 136.365 1206.64 198 174 159
-360.168 20.6423 1142.05 208 196 190
-96.938 183.2 982.322 255 249 240
172.726 -145.459 1020.38 33 27 17
-69.1326 -83.301 1014.66 68 37 21
39.2262 146.578 906.194 69 74 63
15.4462 91.1982 880.318 212 212 197
-146.546 52.0236 896.677 203 198 196
-548.99 333.679 1285.15 82 85 83
-2076.74 -29.2891 2807.59 60 58 50
-18.3915 -15.0967 804.441 32 59 49
99.9837 262.096 907.485 253 252 252
-452.022 -3.44035 1207.4 202 181 173
-400.07 187.338 1258.64 34 19 18
-155.504 54.1773 913.594 249 244 244
-13.7531 52.3992 835.808 253 252 240
-410.75 174.105 1252.9 53 29 15
-102.095 -6.79674 953.251 239 238 237
-426.227 33.8118 1162.26 221 206 198
42.0971 14.4514 791.785 146 158 129
30.2441 -9.57844 754.092 217 224 223
-51.8851 180.753 975.78 255 243 239
-1394.73 46.4413 1951.04 83 84 63
101.476 196.156 934.169 253 255 237
-430.772 142.576 1302.97 158 112 98
-429.949 144.557 1366.12 236 226 211
-443.484 149.889 1338.96 52 18 11
-522.833 49.3683 1127.48 210 195 172
-1218.39 29.4508 1687.08 143 146 138
-368.299 245.145 1411.46 210 197 176
-74.0845 -93.1579 1013.17 57 54 54
-671.889 63.5126 1181.88 129 104 100
-4401.98 43.3797 6110.57 107 109 102
-354.424 240.412 1346.57 22 26 9
103.817 207.315 903.293 255 253 244
-45.8608 33.424 901.754 217 198 185
-540.871 60.4159 1178.74 87 51 36
-371.041 126.103 1314.48 40 13 3
-438.721 53.0442 1350.57 148 147 141
100.056 244.433 984.152 243 248 241
-401.086 52.6429 1300.4 141 149 145
98.2161 244.854 935.474 251 253 247
-56.9033 -68.4636 979.519 226 228 214
-505.572 415.596 1318.64 73 77 70
-418.804 167.387 1248.97 215 192 175
-467.666 206.923 1177.24 162 133 117
-40.546 37.7693 830.774 91 76 66
-9.41377 -12.0589 889.316 85 88 78
-431.034 22.3257 1159.58 172 154 144
24.2324 55.2075 802.143 238 248 243
-438.902 130.513 1034.58 227 214 189
-25.9277 -42.4208 883.009 94 121 113
-667.043 -20.2701 1059.98 239 235 217
2.7201 -1.18214 835.02 119 119 104
75.212 121.026 804.975 152 152 145
-103.141 -62.9891 951.43 225 218 217
103.366 260.815 955.631 229 231 226
-102.755 -58.4922 916.61 69 70 65
99.9246 257.504 907.093 244 242 232
51.4063 18.2449 869.823 176 172 160
-137.039 164.633 994.136 240 234 224
-485.244 269.632 1288.73 247 228 213
-516.387 76.7552 1141.69 204 181 148
26.8135 50.6061 855.495 146 148 143
-577.537 91.4623 1117.11 245 239 230
-598.18 259.937 1243.64 110 115 101
-592.059 151.047 1230.31 122 121 127
-122.875 150.442 974.215 218 220 217
-421.277 181.534 1048.88 253 246 229
-412.319 37.8412 1289.57 72 70 66
-419.243 212.583 1318.37 170 148 141
-68.0601 191.772 989.007 90 82 76
86.8218 160.57 884.846 244 255 243
-529.547 38.1273 1123.82 247 239 224
-572.664 137.66 1181.46 244 243 230
-1678.23 12.5558 2303.69 164 168 162
-414.554 29.9317 1291.75 175 169 166
-67.5305 89.1582 914.683 175 175 158
56.8384 48.7473 859.608 133 131 127
-425.434 185.438 1235.97 153 130 114
38.1285 -60.6075 879.185 204 195 202
-192.077 -8.99323 935.926 30 35 32
-547.348 -23.5538 1094.12 231 221 185
-72.8522 96.6908 932.382 254 250 238
0.656467 2.90099 834.98 245 253 237
-3.52291 -11.4311 833.519 61 65 59
30.0716 48.7442 841.98 247 252 231
32.3184 75.9123 844.044 251 253 245
-141.565 140.073 969.288 255 250 234
93.2778 228.191 933.192 232 235 217
-11.7917 -13.4793 832.222 62 91 78
-63.6386 59.8912 932.062 250 241 231
39.4023 65.356 829.106 239 244 228
-456.092 237.597 1185.44 138 116 102
-22.142 196.297 930.351 255 248 240
-60.8965 197.057 955.962 252 239 229
-90.8187 90.9691 981.03 247 229 214
-79.8754 -58.6179 955.985 241 183 174
-72.1277 -60.5396 968.16 160 163 155
40.2452 -9.39642 839.523 157 157 150
-127.774 177.055 975.133 246 255 251
-339.724 262.008 1355 4 3 2
-470.841 -71.0693 1193.88 130 125 104
-75.7616 198.858 1025.08 189 182 174
113.685 231.848 916.184 61 48 34
-617.227 253.217 1302.95 227 226 210
-47.8643 -35.1869 788.949 181 211 205
-56.1854 190.078 956.386 239 216 205
60.198 164.265 881.286 244 253 240
120.106 244.626 956.906 214 203 193
-86.1426 189.04 1006.64 227 196 186
-112.256 -50.4576 934.907 209 201 198
-63.684 87.6029 933.606 250 248 229
-152.039 102.283 930.296 122 127 122
-125.015 165.065 996.829 226 221 218
-551.774 -28.9003 1092.1 159 147 119
-128.788 -18.6244 896.182 124 114 106
-144.222 -26.244 981.534 26 21 11
-133.464 80.5636 971.794 244 243 231
86.7332 151.717 884.218 191 195 179
-529.784 -40.9881 1173.26 179 163 144
7.06993 60.9397 839.454 194 189 176
34.3138 55.0729 842.975 171 175 170
-615.711 76.9334 1210.27 168 141 123
37.6955 54.4058 916.36 175 179 161
-331.055 283.38 1361.21 143 142 135
-411.183 208.928 1056.77 237 227 209
76.2662 178.436 926.021 233 250 233
41.6084 30.8969 765.677 252 254 243
35.6329 -113.748 1006.7 128 135 129
-80.9862 255.446 1028.7 242 243 224
-538.627 66.3267 1180.27 188 149 127
-611.07 -26.1841 1087.2 255 249 239
86.4222 244.378 933.691 249 252 249
122.296 546.965 1281.65 116 135 142
54.5688 319.375 1022.17 112 109 95
69.6255 376.858 1089.31 143 168 165
-453.283 -47.0022 1045.02 156 143 130
-53.8065 171.046 955.466 219 204 191
124.602 239.59 1025.76 188 188 177
126.296 437.383 1099.02 125 150 148
-429.625 155.372 1239.51 184 159 153
-50.7151 32.1969 870.848 240 221 208
-17.5662 170.884 929.424 254 246 232
-498.849 97.2079 1119.98 255 248 223
37.4181 53.3521 817.679 242 250 237
-62.9959 100.805 982.744 193 181 167
-340.344 304.307 1419.13 12 6 2
-45.5125 -40.1142 880.125 98 83 66
42.1808 104.693 874.634 251 255 239
-46.7375 161.711 956.142 241 233 230
-455.642 185.938 1129.87 153 130 106
-702.249 5.16002 1158.95 248 245 236
-423.337 142.131 1243.82 133 100 84
-623.101 289.008 1312.37 213 216 204
127.908 87.0415 913.765 148 131 118
-1223.36 55.2168 1712.06 217 222 209
88.4514 218.57 931.599 247 254 237
-49.9379 44.7275 884.757 156 149 137
-604.355 252.987 1247.07 245 245 236
-530.085 -32.3357 1173.95 162 151 132
31.5553 -133.198 1042.77 167 167 160
-498.935 191.177 1274.11 144 125 110
-56.9655 51.1316 900.756 232 225 214
94.7107 428.598 1029.45 220 238 250
-657.359 52.0695 1187.47 242 234 229
78.6353 213.958 916.919 252 254 247
44.1971 34.0508 793.208 150 155 143
31.1688 69.7242 857.116 208 211 203
-165.447 103.181 1004.43 252 255 250
48.8972 353.143 1047.18 210 218 214
-482.208 6.1234 1096.4 173 156 147
-36.5466 -0.19326 843.453 143 132 129
-504.51 -52.9236 1182.38 119 106 93
-568.781 73.4921 1250.29 155 114 86
-79.3869 132.216 947.627 241 226 209
116.465 387.331 1077.02 110 140 145
-492.21 135.041 1158.71 109 75 52
-150.111 110.537 951.532 254 250 234
44.6577 289.492 931.002 230 226 209
-572.874 84.0624 1110.4 250 240 229
-20.151 -66.1718 911.89 235 193 197
9.99162 -96.28 859.007 83 74 52
96.8048 346.922 1079.93 237 236 209
-623.9 403.662 1488.87 159 159 154
176.18 446.429 1068.57 94 118 134
82.3644 160.463 884.214 234 246 224
-70.1488 151.443 950.845 255 245 233
88.8947 253.939 934.924 223 241 232
60.5137 344.606 1003.97 157 178 176
-555.869 278.164 1209.79 123 124 102
-1482.31 68.3202 2102.1 101 106 98
-684.65 49.4018 1227.69 145 139 138
-442.175 211.672 1187.49 113 110 101
-348.528 114.176 1239.45 144 120 105
-675.081 21.3589 1114.45 239 224 220
-135.223 -27.407 894.426 63 61 48
-425.878 198.99 1381.32 87 75 74
-475.372 -78.4538 1194.21 124 113 100
89.1895 169.671 870.21 228 239 211
-143.088 102.501 932.278 255 252 246
-393.226 366.968 1670.74 104 109 95
-139.312 144.717 992.425 166 157 147
-673.09 61.8025 1234.54 170 150 150
-614.538 41.0436 1093.63 238 233 235
-97.2419 253.998 1064.93 114 118 98
-579.346 75.5974 1106.9 247 239 223
-429.088 196.396 1141.63 82 77 63
-17.3708 -69.9937 949.261 104 94 86
-107.975 145.724 999.33 255 250 238
-630.738 149.906 1340.35 169 161 145
33.1941 27.0387 815.506 252 253 235
-616.014 82.9404 1210.89 227 207 190
-60.8462 170.793 954.077 255 243 228
-97.1519 -9.617 873.174 41 43 41
36.5866 84.384 845.188 242 243 225
23.0976 -113.557 1004.9 105 100 91
-18.2374 215.724 965.492 170 158 140
59.6485 -89.5769 910.071 32 88 82
1.24441 27.1512 850.55 106 125 104
-546.631 -8.80881 1112.91 97 67 25
-26.3604 224.486 1020.9 164 150 138
-99.607 68.1408 877.18 217 195 175
100.925 188.327 946.87 244 249 238
-290.668 123.165 1127.91 131 117 107
-9.44166 277.267 984.997 253 255 245
-437.403 98.5767 1034.03 76 54 37
-45.0065 105.582 919.939 241 223 208
-708.553 345.059 1513.89 108 108 93
-103.934 130.755 962.494 250 210 189
93.1515 334.343 1049.09 185 182 158
-486.925 -58.05 1138.55 113 94 86
-525.604 30.6596 1105.76 255 225 202
-26.7784 -71.0894 948.81 250 226 214
-91.6468 221.214 938.5 226 226 198
-560.457 -3.28882 1055.77 179 98 77
-551.053 -14.2882 1110.64 187 169 133
175.239 454.753 1091.6 145 168 180
147.758 490.526 1227.88 201 232 238
-81.9015 328.115 1074.92 125 124 113
102.05 290.493 971.843 247 251 242
-110.653 -37.5822 929.657 174 150 128
-410.735 153.589 1213.42 28 7 2
-131.262 181.16 1076.8 166 167 170
-490.032 240.697 1330.21 29 30 23
-133.643 63.3348 900.038 240 228 228
-485.336 48.904 1010.28 163 148 128
-385.752 171.659 1013.97 149 145 136
16.5124 116.682 900.548 255 253 224
-190.978 -3.28523 993.465 159 159 154
-90.9441 131.864 945.286 172 152 139
-534.813 17.8885 1238.83 125 115 110
-669.187 32.4322 1118.54 209 217 210
83.2148 209.495 917.299 170 172 160
-628.242 -20.6658 1079.51 230 218 203
106.345 500.084 1172.38 228 246 247
-489.032 85.1965 1090.09 233 214 185
-559.738 115.51 1239.91 188 183 170
-624.394 216.358 1231.26 171 153 146
-506.126 263.294 1396.73 35 25 15
92.7404 452.405 1067.41 143 163 173
36.3422 264.391 854.426 150 145 124
-88.6564 136.672 946.086 246 209 198
-482.12 25.2252 1005.91 197 156 119
-489.012 137.151 1018.39 176 175 172
-650.662 168.292 1256.84 244 236 231
162.246 402.801 1003.13 90 120 141
140.985 427.859 1071.87 143 170 174
53.4373 376.171 1106.85 141 147 151
-163.256 99.9679 997.277 255 250 245
-558.885 220.242 1142.2 235 235 226
-89.4048 -60.9706 938.417 209 160 155
-540.261 93.8495 1081.86 195 161 129
-425.69 -52.6544 979.836 65 55 45
-441.352 -51.9861 1015.54 156 138 124
-614.955 223.484 1236.97 251 244 236
57.1593 113.086 906.449 246 255 242
-153.188 76.3728 896.694 248 251 252
-534.254 -33.5806 1115.9 69 59 50
38.9718 -80.2144 919.018 68 80 79
-370.561 119.762 1148.56 103 75 61
-64.514 174.329 1029.51 181 148 137
-0.829425 292.561 1029.89 241 240 232
-562.984 297.169 1575 148 137 134
-99.8223 118.267 880.072 172 124 93
-60.8526 231.904 993.587 232 221 189
-47.2764 110.129 919.84 211 193 169
81.1007 192.592 928.065 244 255 223
-326.367 217.544 1211.36 141 146 128
-559.927 72.4352 1185.62 246 223 205
-455.26 162.848 1163.19 34 34 24
-684.414 49.4521 1160.2 233 228 221
-511.976 206.042 1318.41 101 82 67
-91.0931 79.1322 879.448 197 184 163
-71.6918 72.9151 882.672 224 205 186
82.3876 352.217 1108.91 174 176 155
-348.952 203.069 1458.52 89 73 60
-639.066 151.401 1209.19 228 228 221
-412.625 142.399 1046.47 154 155 141
