-471.563 315.618 1251.38 79 64 54
-467.632 351.245 1258 46 43 40
317.721 -48.6326 907.667 233 238 233
321.898 -68.6066 906.821 249 255 246
198.965 -155.77 1165.79 20 21 17
-268.739 422.02 1382.09 200 198 191
320.152 -11.3769 896.577 211 205 203
433.36 223.513 986.571 250 251 237
368.876 97.2782 952.111 38 48 30
386.463 150.244 991.164 23 33 33
-321.161 122.15 1149.89 249 241 219
-357.798 -7.367 1078.46 73 44 34
461.156 161.298 1013.78 244 252 242
-323.691 116.473 1148.63 92 60 39
300.689 -93.1758 919.339 198 219 215
226.344 46.4607 969.986 252 253 240
215.813 -53.7775 947.554 253 244 235
430.486 211.185 985.618 227 230 230
370.468 17.9656 933.598 242 253 253
453.432 250.266 1026.57 236 245 236
-442.164 146.618 1167.38 255 247 242
370.306 13.3486 933.21 252 251 248
192.14 156.652 993.979 255 250 251
297.17 -89.0572 935.519 244 255 250
202.477 -105.325 1034.2 255 213 201
-413.97 412.989 1286.29 86 85 83
-349.039 73.883 1168.72 133 102 91
-278.708 326.569 1299.96 243 224 211
-249.756 57.7062 1347.32 197 175 162
-376.354 83.7959 1274.72 254 243 231
-424.094 144.588 1173.55 255 243 219
-355.453 -2.07424 1079.54 255 248 213
255.677 147.901 1001.21 177 151 150
-322.576 92.213 1111.92 202 187 180
156.217 -88.4767 972.953 225 229 219
-329.397 59.495 1091.69 232 198 171
312.06 -53.4297 892.711 241 247 235
236.876 134.051 947.662 209 188 176
135.418 24.0139 978.297 242 231 228
382.057 8.73212 933.632 240 253 234
-404.836 170.78 1099.98 225 216 210
-425.355 191.575 1177.5 255 252 242
-467.227 341.604 1256.8 249 246 230
371.184 38.7927 935.308 239 254 247
-360.137 -12.6549 1077.39 242 222 198
-463.967 329.261 1256.23 251 250 237
171.19 47.9713 999.863 229 232 227
213.015 -105.402 1035.47 173 171 175
245.94 -70.2465 886.219 204 204 199
319.015 -48.9924 893.559 238 251 239
424.126 162.989 1074.27 63 85 75
335.166 -109.108 971.814 221 243 235
-189.467 310.369 1345.33 46 51 35
-380.491 534.816 1393.14 34 43 38
341.341 390.963 1178.49 72 112 119
-412.481 154.929 1143.06 225 200 173
-457.219 358.948 1268.42 217 213 204
-438.365 297.29 1207.74 249 253 232
231.288 3.0536 935.759 235 201 190
377.934 101.02 988.25 75 73 55
213.231 -104.587 1014.8 16 28 25
302.757 -102.108 918.752 176 204 201
-305.459 133.574 1103.99 255 243 234
242.105 -58.5529 966.13 209 195 186
181.523 -150.177 1133.94 108 84 73
464.233 352.908 1162.26 55 82 82
-425.935 198.486 1238.36 248 244 226
-258.294 270.026 1148.34 254 238 226
-432.822 22.4701 1105.59 107 78 69
92.0356 -38.2031 883.925 205 207 203
425.804 346.243 1174.52 247 255 244
429.339 126.267 1004.45 222 240 230
-402.514 414.591 1290.47 225 224 224
-257.712 59.0417 1417.71 28 3 0
182.806 233.092 1057.29 243 244 240
-522.769 115.049 1134.11 134 121 114
-472.606 277.723 1245.38 115 107 110
165.37 144.236 1027.58 229 230 229
-449.89 321.055 1260.42 241 221 200
260.201 -128.976 1039.2 119 84 77
307.113 0.743207 909.476 205 194 181
313.29 -11.3766 896.052 202 196 196
298.527 -53.5572 857.023 70 72 67
-242.866 354.338 1214.4 254 235 211
89.9267 -37.4089 917.097 35 33 26
138.578 87.1307 997.125 102 69 61
-387.541 399.82 1293.76 92 90 84
425.263 128.398 1031.68 242 255 250
202.427 -117.387 1075.28 173 142 137
-256.451 246.306 1111.21 221 194 170
194.568 -121.24 1050.75 190 175 159
282.788 -63.945 920.329 215 202 196
279.856 -88.1704 902.054 232 232 230
-436.361 29.3343 1158.49 132 41 23
146.132 119.927 1004.74 89 67 53
191.659 -133.986 1049.29 217 191 175
251.092 7.7299 936.526 91 79 57
-318.136 -20.7126 1089.51 154 136 124
-295.045 80.5432 1002.32 113 72 66
141.044 119.855 1004.04 225 207 193
292.735 -62.1951 861.802 149 147 143
262.39 165.349 1056.76 83 59 54
-431.157 203.298 1194.67 137 123 114
213.633 96.5134 957.715 255 240 232
-413.859 150.832 1177.71 119 85 65
-504.267 323.678 1334.9 254 250 231
-273.143 60.7244 1214.69 40 17 7
377.238 323.148 1087.6 237 233 224
-469.568 131.683 1215.24 247 236 219
-247.047 186.471 1311.34 180 149 131
275.198 164.532 968.709 229 198 181
232.319 238.553 1106.03 241 234 223
-522.968 120.7 1134.58 240 224 218
206.655 -16.3061 916.814 192 167 154
205.344 45.1641 920.685 248 245 224
299.507 71.8131 1079.54 218 191 170
474.625 521.847 1338.5 232 255 255
-343.863 79.0322 1139.41 251 239 230
-512.316 248.77 1277.32 240 221 211
366.331 -34.7474 868.757 109 117 98
374.156 -12.0064 931.36 250 255 238
133.563 91.9691 996.616 248 243 224
434.856 188.38 1005.7 183 205 190
93.6533 -40.5659 887.002 38 38 29
-283.178 70.0137 1272.78 182 166 154
-253.224 74.2875 1348.23 49 40 32
177.197 -153.473 1215.63 109 102 90
331.672 63.9126 914.705 255 254 229
-248.149 199.669 1252.55 182 153 135
-281.507 73.7724 1339.28 126 114 112
409.25 472.691 1213.13 94 124 147
391.193 96.2877 921.084 236 255 239
211.924 246.947 1125.72 78 76 69
-396.9 154.061 1248.6 123 94 71
402.768 53.9764 1000.45 234 246 244
296.094 -164.565 1099.13 62 58 53
-382.929 182.039 1191.06 153 145 125
430.516 324.849 1092.58 206 217 215
-384.71 193.277 1135.64 120 115 103
534.466 487.764 1282.46 77 106 109
-253.946 376.102 1278.04 184 171 147
351.875 -4.84453 870.212 202 211 204
-250.546 206.135 1312.95 70 40 22
134.897 -56.4187 1044.1 157 136 113
-490.109 250.97 1234.56 144 130 122
290.035 -13.3175 973.788 87 70 67
-519.369 217.214 1205.36 128 113 95
274.635 -17.5466 937.604 207 197 189
-380.889 64.17 1076.07 91 67 51
235.985 -6.97616 889.781 74 62 51
-499.839 301.914 1240.43 151 122 112
245.171 -3.67969 920.992 79 56 42
268.044 -90.8268 916.974 111 130 123
279.448 183.388 1006.03 132 106 95
177.778 171.678 1071.77 245 244 245
-225.405 362.228 1341.48 168 170 160
255.001 186.887 1083.15 230 208 191
215.816 3.93519 888.549 202 179 164
-357.037 515.826 1332.08 138 148 141
-446.49 355.065 1214.48 234 233 230
-322.239 192.031 1245.62 228 209 198
148.204 28.1679 995.788 228 224 227
167.765 -57.9525 942.114 169 159 139
-450.916 129.478 1221.98 233 209 187
-297.881 366.47 1409.59 131 77 52
227.93 -70.0568 884.659 212 191 178
-342.193 127.078 1143.79 166 98 69
462.052 262.583 1081.78 217 226 210
202.619 -118.82 1051.87 75 18 16
199.812 -7.20748 916.717 197 176 158
236.43 9.05739 954.342 214 207 196
231.411 -110.691 1037.28 146 164 155
-389.165 117.189 1046.28 110 75 61
421.493 470.586 1163.56 239 247 248
227.759 159.849 998.63 89 76 76
-429.068 132.149 1130.15 239 223 207
-482.417 535.231 1574.49 109 110 105
-513.997 181.411 1156.78 246 227 204
440.575 468.099 1216.47 91 102 112
-539.928 84.5118 1081.41 241 243 238
-409.936 431.82 1299.52 203 205 199
-239.22 189.271 1366.07 183 158 144
-277.236 232.372 1150.53 250 240 223
419.842 188.89 1002.5 196 214 188
324.148 376.106 1224.77 120 150 157
-501.47 285.896 1236.59 166 135 120
183.763 8.68441 916.013 161 156 143
196.029 -140.555 1158.67 216 206 206
351.412 427.21 1182.69 128 152 164
184.089 -105.085 1031.93 215 175 175
259.992 105.661 998.952 118 99 96
358.535 -4.86944 870.642 206 219 198
303.684 355.593 1144.43 67 96 104
260.02 9.87781 1029.51 131 132 112
403.57 71.2081 908.632 241 244 231
-429.977 46.4356 1199.48 145 82 59
312.29 -119.191 985.365 51 57 66
-369.691 86.8129 1131.81 247 242 216
273.656 -70.6125 934.468 169 171 171
128.594 -100.092 1044.47 115 109 97
445.726 515.634 1274.54 106 141 156
328.83 -68.5949 848.966 233 233 216
243.621 -120.302 989.185 127 89 76
-516.675 257.935 1224.87 177 162 160
205.287 109.418 1046.93 248 222 201
308.071 89.4639 933.814 251 248 224
248.304 94.2201 958.478 151 93 62
356.245 87.5667 849.282 204 201 198
226.852 -88.8135 962.692 169 188 181
386.82 367.679 1155.07 132 169 170
-485.572 326.679 1247.63 231 229 223
130.304 81.8373 1007.24 138 137 117
201.5 34.2183 966.455 219 188 168
-364.122 542.987 1389.12 155 164 156
207.277 323.318 1097.98 106 101 96
417.894 95.3001 956.083 225 247 228
-354.402 90.1193 1136.95 233 208 191
-240.804 91.3025 1354.07 126 125 126
296.748 187.462 1021.26 155 129 104
-522.045 284.486 1290.53 248 237 234
371.083 -26.2966 869.735 117 125 109
386.163 104.487 953.915 213 243 222
-218.541 8.46174 1173.32 90 81 69
413.893 376.053 1111.93 83 111 116
-328.458 303.542 1240.06 117 90 85
-251.599 -22.2808 1280.66 62 66 55
-314.449 40.1853 1145.36 158 144 134
218.172 -114.605 1014.45 143 75 54
97.977 -52.051 959.916 52 52 45
-405.034 216.689 1186.76 185 178 176
249.077 -120.693 1080.73 172 173 167
321.404 -58.0617 864.092 189 191 176
295.804 137.193 987.575 250 227 212
-505.655 107.221 1139.99 252 227 216
231.274 -118.293 1036.74 124 82 65
250.939 170.29 1002 127 91 82
369.302 17.3118 902.282 193 216 194
289.043 -105.495 1004.55 187 208 199
472.402 464.512 1250.65 233 254 250
-365.634 78.548 1132.29 255 252 222
205.488 44.3765 953.436 197 187 163
-497.424 293.775 1238.13 254 235 224
166.129 92.206 986.759 239 218 197
246.17 -128.343 1079.83 249 225 210
141.516 -62.3939 938.779 157 151 130
-436.133 20.7901 1157.82 171 118 95
338.887 389.883 1254.25 99 130 134
168.043 149.419 1028.26 120 116 119
279.932 -20.5555 972.333 166 153 144
-453.316 31.5571 1190.16 163 131 124
-232.692 243.636 1323.54 63 49 42
183.235 171.808 1072.56 153 150 148
253.722 -84.3166 948.782 84 121 110
-252.449 192.985 1334.17 78 48 28
350.531 -10.3144 882.228 187 195 190
-477.056 399.684 1327.74 98 96 81
450.094 169.966 1035.71 223 238 208
226.672 164.337 1018.65 188 179 179
146.518 42.7525 894.153 248 253 255
-318.302 -10.0271 1090.18 139 125 107
466.084 455.611 1234.93 106 135 130
402.438 51.9242 963.912 209 228 222
-254.474 245.647 1317.15 178 153 129
207.706 329.003 1145.65 120 113 105
-517.296 94.7084 1192.5 254 252 245
362.988 105.325 866.322 216 239 221
416.97 177.37 966.803 181 204 178
-367.708 103.051 1188.81 127 75 43
219.993 250.705 1082.46 208 212 188
408.859 135.592 957.102 239 251 220
177.359 139.633 1069.61 204 196 207
154.936 34.1743 960.546 243 233 232
-275.036 22.9131 1187.32 137 105 89
-506.085 222.75 1165.53 181 172 159
254.409 -158.669 1095.84 49 42 39
178.708 107.232 939.092 255 234 216
300.068 -75.0992 890.126 141 156 151
270.195 170.134 980.063 247 230 217
279.022 -175.027 1096.48 191 193 183
228.566 174.283 1096.07 220 185 170
123.413 41.2082 956.593 231 223 222
160.2 -138.61 1026.06 199 164 153
415.022 486.037 1216.55 65 93 121
-292.137 315.228 1160.35 139 79 59
-244.506 83.4651 1285.92 143 129 126
299.035 68.7444 964.814 212 200 173
-301.058 188.871 1161.35 254 236 218
353.777 73.4926 949.71 196 196 170
300.531 36.9047 889.032 227 216 192
201.262 84.484 955.526 250 234 211
244.495 -170.555 1139.02 121 79 60
126.071 77.1696 980.414 252 251 243
243.043 65.6901 906.144 150 140 109
-300.192 259.591 1099.73 168 157 149
162.794 121.028 994.284 210 188 171
175.873 -6.76022 855.193 82 77 56
164.86 201.098 928.548 125 118 97
-340.744 338.952 1318.54 223 215 200
334.51 247.951 1017.21 227 229 185
-531.757 201.699 1210 250 241 222
-229.641 196.547 1369.82 146 111 92
-312.291 342.797 1249.96 187 129 101
-272.261 97.6964 1474.49 158 152 153
-237.557 228.635 1302.75 104 68 51
317.188 -132.373 968.65 61 96 83
-358.366 7.46374 1107.42 207 184 144
-356.858 84.434 1135.72 156 121 102
198.525 72.8606 989.61 212 184 165
-376.949 69.859 1128.11 253 247 239
-214.558 59.371 1244.45 62 60 48
257.697 177.006 1026.22 210 187 185
160.985 -67.11 1031.31 86 83 70
457.626 406.409 1209.91 117 159 164
303.689 96.9844 950.801 165 172 156
215.893 8.31545 888.838 157 136 126
-330.167 202.829 1120.25 165 144 118
-448.28 233.327 1141.04 159 149 146
246.31 157.787 909.649 254 231 210
354.846 -70.6471 850.703 116 122 103
-379.362 64.3667 1126.86 242 235 228
203.414 7.64421 931.263 162 162 147
-233.458 265.458 1042.48 253 242 236
-374.221 299.367 1360.9 178 159 152
-361.321 53.806 1081.5 214 135 110
-229.929 12.0084 1234.73 51 42 30
130.869 75.2537 1018.29 254 249 241
-263.692 -23.6922 1268.98 112 138 132
219.721 -74.5636 962.766 89 102 94
-378.913 10.7082 1027.07 172 128 114
350.027 -73.7139 834.608 163 166 163
-318.243 242.448 1128.02 191 168 161
282.574 89.6228 996.418 187 126 102
-274.855 231.445 991.199 232 220 211
-363.612 420.352 1372.72 118 104 76
-313.257 -12.6986 1091.47 151 127 112
107.779 -3.63233 988.529 134 133 120
-492.388 383.71 1301.89 133 136 127
-408.637 16.7283 1079.29 253 223 207
172.947 225.003 1074.3 108 100 85
189.596 120.063 1016.49 227 224 222
-436.232 88.3995 1255.71 166 121 106
338.94 -145.485 984.819 37 90 89
234.739 128.265 974.472 156 106 99
160.733 197.941 1030 104 97 86
362.175 73.873 985.511 150 146 127
-280.165 8.00764 1331.84 132 102 84
213.723 266.82 1195.85 107 112 114
195.018 170.634 1153.25 232 230 234
-320.897 339.515 1288 241 216 195
-560.528 310.259 1391.7 159 137 132
246.713 194.614 1066.92 178 156 127
-357.155 242.567 1238.49 213 194 186
-568.468 219.805 1298.72 188 180 160
-341.836 -35.6511 1243.14 122 103 90
134.105 -79.6561 874.705 152 155 152
-351.887 236.727 1224.07 162 141 126
359.927 360.657 1151.69 127 162 175
-584.312 187.897 1309.48 247 240 209
-520.575 262.53 1347.62 239 205 198
161.508 176.649 1069.72 131 122 117
-560.421 245.392 1334.87 252 239 231
360.771 10.6174 981.899 109 99 91
-341.47 40.5434 1086.71 251 211 168
285.275 -48.3438 904.845 129 131 123
382.904 -19.1558 883.299 220 230 213
208.695 77.9022 991.178 198 175 152
264.957 -166.029 1056.41 74 82 70
307.359 -162.051 1100.38 138 111 103
306.659 189.221 973.296 187 182 174
258.939 -81.7268 916.934 122 186 183
263.587 -97.9516 931.84 201 199 192
-236.423 -20.5481 1175.99 125 143 133
312.737 168.854 1008.75 191 177 156
358.015 -184.01 1250.23 106 97 90
441.973 315.484 1126.42 186 181 160
137.617 55.6398 963.023 241 230 231
178.507 95.5583 938.164 205 171 141
212.608 239.357 1061.84 177 174 152
151.718 154.163 1001.59 228 226 226
-236.598 212.884 1257.59 176 140 124
-407.801 14.3941 1116.31 250 223 191
451.16 283.951 1081.4 182 198 172
175.06 -45.115 810.427 189 191 176
425.79 286.471 1065.85 208 204 181
264.151 82.2201 941.309 234 192 166
511.002 460.731 1239.7 103 136 146
