532.567 -175.659 1073.32 133 129 129
351.691 -7.03567 1095.72 254 250 241
371.155 5.83183 1143.04 236 218 211
417.635 39.3369 1141.2 173 160 156
-279.792 117.637 1012.68 241 239 234
-208.693 133.618 1100.09 110 66 56
-208.693 133.618 1100.09 110 66 56
-191.411 172.782 1099 69 28 8
523.664 190.464 1233.15 159 158 133
-407.295 233.92 1114.03 114 91 64
-365.135 350.011 1162.86 164 129 122
-361.22 368.446 1129.96 245 244 244
-132.845 451.233 1275.1 19 22 21
-145.876 461.158 1282.06 14 29 29
559.101 -202.857 1063.74 27 52 53
559.101 -202.857 1063.74 27 52 53
610.323 -178.505 1042.67 228 236 215
623.87 -132.73 1095.08 89 122 113
623.87 -132.73 1095.08 89 122 113
467.105 -68.5688 1083.58 239 215 195
548.967 -63.6565 1081.1 176 171 147
363.797 -28.5171 1062.44 254 252 247
495.348 -15.825 1127.37 162 112 96
-244.936 44.1819 1027.67 255 223 203
494.265 57.2583 1143.96 89 68 71
-167.543 60.174 1077.68 255 250 241
543.795 72.3366 1199.19 254 236 227
-254.353 101.212 993.045 250 251 252
522.058 139.704 1215.68 138 141 130
-97.3427 246.762 1310.42 175 157 138
545.601 256.197 1268.7 155 192 190
-390.372 255.24 1091.07 173 161 138
-319.891 282.25 1107.69 114 93 82
-390.331 296.399 1119.75 243 248 244
-230.455 302.106 1149.94 255 252 253
-320.338 330.143 1113.33 224 187 171
-372.07 363.961 1171.12 252 251 253
-194.22 379.796 1230.84 244 250 227
-63.9312 397.298 1215.2 250 252 238
561.178 -244.897 1092.1 40 76 85
1174.6 -246.341 1572.44 45 41 36
1174.6 -246.341 1572.44 45 41 36
602.355 -139.577 1059.4 228 246 235
602.355 -139.577 1059.4 228 246 235
466.007 -112.515 1014.1 185 181 160
463.631 -109.862 1031 106 88 74
-300.299 18.9786 1014.13 250 236 217
-169.582 70.6601 1061.43 157 111 95
499.02 78.4352 1179.81 255 249 234
-201.794 82.2555 1056.01 187 101 86
-201.794 82.2555 1056.01 187 101 86
-361.046 138.865 1028.89 254 220 207
440.973 152.47 1148.65 208 209 181
440.973 152.47 1148.65 208 209 181
-432.603 183.835 1089.91 254 255 255
-328.677 299.379 1115.59 253 250 248
-328.677 299.379 1115.59 253 250 248
-366.754 309.576 1110.77 173 138 138
379.124 -94.034 1072.95 121 115 99
357.805 -59.0199 1064.02 249 249 250
380.827 -49.5006 1061.27 253 249 250
477.17 -7.18378 1137.33 151 110 86
477.17 -7.18378 1137.33 151 110 86
459.774 -4.77286 1137.3 215 210 186
-308.835 2.69693 1042.51 40 50 35
437.206 16.4608 1118.3 159 92 72
428.641 28.3692 1129.46 255 250 247
428.641 28.3692 1129.46 255 250 247
428.641 28.3692 1129.46 255 250 247
-390.786 93.6387 931.587 224 205 181
370.18 59.8061 1132.92 94 67 58
-301.739 128.811 955.781 207 128 108
-333.757 246.111 1436.35 255 249 225
-122.612 178.842 996.27 222 146 100
566.844 -211.504 1001.5 62 104 117
591.615 -163.306 1007.56 199 208 188
546.666 98.7482 1204.6 254 254 242
-293.853 99.4444 1030.27 251 253 250
-278.867 227.013 1075.16 250 254 248
-311.906 327.288 1137.76 139 97 85
-330.618 370.928 1153.16 246 249 246
-295.293 429.687 1154.54 74 64 61
-295.293 429.687 1154.54 74 64 61
-282.669 473.972 1197.53 79 77 71
-282.669 473.972 1197.53 79 77 71
395.76 75.1592 1151.07 253 253 249
-288.963 147.285 1123.88 149 100 82
-288.963 147.285 1123.88 149 100 82
-272.286 176.88 1110.96 111 67 45
-272.286 176.88 1110.96 111 67 45
-322.142 272.095 1100.98 173 126 113
-337.021 422.929 1174.17 255 252 245
353.753 -55.7378 1155.4 88 73 62
453.699 -37.1307 1116.44 118 98 87
-252.567 215.677 1109.83 157 142 118
-252.567 215.677 1109.83 157 142 118
-297.629 294.558 1122.65 250 251 243
-422.045 164.524 1074.46 253 251 252
-121.511 232.808 1137.77 255 250 233
583.937 273.531 1341.24 157 191 182
-257.682 381.351 1166.48 174 199 153
-287.504 43.7955 1012.53 227 172 153
520.343 45.792 1141.69 136 114 100
-86.8556 262.551 1255.62 136 109 92
636.787 305.934 1383.52 207 233 234
