-815.921 -501.385 2186.15 221 236 230
-531.027 -549.389 2609.86 129 137 133
375.567 -224.569 1222.82 105 46 32
-788.093 -397.018 2437.73 154 144 135
380.924 -184.73 1133 155 153 132
304.258 -172.179 1194.39 129 131 121
433.234 -69.7877 1161.75 227 206 181
384.685 -2.68661 1117.05 112 104 111
-271.959 39.9271 917.473 109 61 36
539.243 82.0402 1242.16 255 255 225
520.977 93.0365 1249.95 251 254 235
-149.973 67.6859 983.702 252 250 246
-259.302 69.6338 960.366 242 242 236
-21.738 275.689 1160.01 192 141 121
-119.134 284.974 1086.54 247 251 230
-70.3333 408.1 1161.76 14 25 28
-588.263 -646.179 2156.95 76 80 65
-588.263 -646.179 2156.95 76 80 65
-597.981 -607.42 2361.41 88 89 67
-597.981 -607.42 2361.41 88 89 67
-911.523 -479.736 2263.71 53 61 57
446.003 -238.862 1231.84 102 46 36
383.991 -237.045 1241.85 219 183 163
383.991 -237.045 1241.85 219 183 163
433.266 -189.901 1116.75 205 207 193
345.54 -163.954 1100.86 204 199 190
423.891 -151.48 1116.85 156 147 130
453.263 -56.2577 1093.94 178 114 92
456.215 -53.1227 1168.17 134 104 82
428.908 -44.0697 1167.92 242 237 211
428.908 -44.0697 1167.92 242 237 211
460.462 -26.7511 1170.62 248 230 223
-175.629 -9.47442 962.634 253 243 227
-175.629 -9.47442 962.634 253 243 227
-109.318 6.3484 971.986 255 236 193
-115.225 38.8641 1020.95 255 245 228
-115.225 38.8641 1020.95 255 245 228
460.366 65.008 1072.49 171 176 126
-73.7413 60.7539 1024.06 202 110 68
430.953 86.1923 1207.38 112 116 89
-239.004 63.3832 975.892 254 253 233
453.926 95.2402 1244.58 211 215 187
-57.4242 83.41 1049.52 245 246 228
-275.06 76.9004 931.477 77 62 47
-275.06 76.9004 931.477 77 62 47
-235.986 78.763 969.056 251 251 237
-63.841 93.2294 1037.16 240 148 103
-63.841 93.2294 1037.16 240 148 103
517.698 167.062 1218.59 155 173 170
-46.4951 137.83 1057.62 201 138 96
423.441 174.752 1258.47 32 25 14
478.302 275.405 1475.72 129 153 151
-108.153 174.821 970.621 252 247 238
581.173 329.582 1345.04 251 254 252
-247.156 277.595 1030.99 254 253 255
-214.242 344.488 1057.23 242 239 224
-214.242 344.488 1057.23 242 239 224
-212.93 344.435 1026.42 83 55 38
-226.605 352.558 1040.9 243 242 239
-190.405 358.424 1058.44 30 14 14
-168.412 407.144 1085.3 18 15 15
-49.503 491.424 1168.75 26 27 25
-681.635 -659.423 2551.18 155 154 142
-627.965 -639.368 2487 88 89 67
-1313.23 -506.542 2493.93 54 55 50
-988.697 -380.433 1925.39 118 126 120
554.491 -198.356 1120.67 235 247 228
-1027.78 -387.597 2319.05 35 30 24
387.941 -130.466 1108.57 117 112 99
373.974 -130.985 1158.27 128 124 105
-1555.42 -221.993 2732.87 67 72 61
412.012 -37.6975 1152.03 118 71 50
430.062 -31.53 1158.32 144 94 90
-189.22 -33.5637 998.918 145 142 145
490.078 -18.2093 1224.39 100 74 68
393.62 -6.40494 1182.09 229 232 234
381.257 24.7554 1206.38 133 113 105
-165.305 44.4779 981.797 71 28 22
-219.847 95.5417 973.528 167 84 67
-233.4 99.6185 973.012 255 247 235
530.846 156.413 1279.02 248 253 245
-278.411 152.162 985.024 252 252 252
-106.557 168.197 993.524 121 93 74
558.928 290.168 1357.12 89 122 140
558.928 290.168 1357.12 89 122 140
7.24882 271.878 1118.63 190 135 104
-232.198 311.443 1034.58 255 253 251
-202.851 356.038 1051.76 253 247 233
-1170.32 -547.257 2277.68 58 73 65
-750.907 -433.161 2408.97 126 130 125
442.437 -206.646 1131.42 26 18 12
311 -187.274 1176.29 23 22 20
311 -187.274 1176.29 23 22 20
368.275 -91.4971 1166.03 34 14 5
531.814 -76.1443 1185.76 171 169 137
531.814 -76.1443 1185.76 171 169 137
386.971 -20.1694 1112.51 112 98 79
-119.29 -4.12337 990.132 69 16 3
477.607 7.15866 1192.92 102 78 72
477.607 7.15866 1192.92 102 78 72
-79.4992 18.2323 1032.27 244 136 106
-25.7097 151.547 1094.23 224 151 110
526.772 261.624 1311 215 240 241
540.348 325.698 1349.54 216 243 243
540.348 325.698 1349.54 216 243 243
-204.034 239.518 985.891 248 252 243
-77.0473 267.285 1052.98 163 151 144
-95.0179 399.866 1140.44 255 252 251
-203.521 388.651 1082.14 254 251 248
-156.291 -589.544 2219.9 45 32 25
-414.167 -579.25 2321.06 96 96 89
-414.167 -579.25 2321.06 96 96 89
-1138.32 -354.789 2056.13 71 75 68
-1138.32 -354.789 2056.13 71 75 68
-176.849 -23.3677 996.186 24 15 14
401.089 20.241 1186.52 250 246 247
511.143 83.2929 1228.42 253 254 235
-161.296 63.606 993.633 250 239 233
454.858 331.631 1469.92 71 69 62
-235.367 236.297 995.476 129 43 19
-178.404 383.279 1074.19 81 80 78
-1124.18 -408.044 2062.36 125 153 139
447.207 -173.101 1091.77 81 63 64
440.147 -82.011 1155.36 99 78 62
-302.14 74.4179 970.814 113 61 57
-283.607 95.0137 947.448 242 217 218
-145.691 106.182 1028.11 112 65 57
-145.691 106.182 1028.11 112 65 57
-135.696 134.763 1021.34 93 59 37
-135.696 134.763 1021.34 93 59 37
-135.696 134.763 1021.34 93 59 37
-213.844 143.186 973.988 223 180 135
-193.383 236.842 1031.11 146 97 83
-193.383 236.842 1031.11 146 97 83
-699.129 -688.277 2387.14 140 147 143
-699.129 -688.277 2387.14 140 147 143
-938.218 -433.867 1968.52 132 146 138
386.713 -94.4013 1143.07 226 231 230
607.951 82.984 1249.4 137 156 120
-123.083 171.042 1034.54 149 124 111
-207.697 370.043 1052.33 238 223 207
601.796 17.1534 1228.26 132 140 129
-179.776 73.7327 982.505 254 238 232
-215.962 98.9797 1018.33 204 108 81
2.81342 155.615 1183.74 147 134 117
-170.273 363.773 1075.35 72 56 52
-1197.63 -521.648 2303.68 79 82 74
-1197.63 -521.648 2303.68 79 82 74
-1197.63 -521.648 2303.68 79 82 74
-651.173 -449.774 2590.21 171 152 129
-651.173 -449.774 2590.21 171 152 129
410.145 -191.375 1136.83 141 135 128
500.695 -191.676 1127.2 77 76 74
-926.018 -318.295 2341.86 76 61 42
-78 -33.5739 991.753 223 178 139
331.217 77.0479 1370.21 68 58 54
397.529 179.626 1465.84 142 133 121
530.664 209.443 1331.86 216 238 236
426.687 286.702 1456.15 83 72 61
-963.691 -479.259 2129.83 136 149 140
-968.736 -272.64 2117.58 56 42 30
544.53 -10.5209 1261.97 243 239 226
