45.6233 -9.3933 1174.96 21 0 0
51.8544 54.9822 1181.79 91 70 50
505.381 3.63241 1637.88 42 36 34
-32.9154 73.8187 1093.26 26 20 25
-10.4823 408.535 1221.67 225 202 189
505.144 -112.736 1612.01 255 248 245
75.2511 2.3507 1181.22 109 60 47
28.0449 -0.639294 1172.57 68 43 30
36.9876 423.363 1261.47 210 207 206
86.9891 6.88529 1213.35 94 12 13
-37.6788 193.475 1229 76 46 44
357.956 182.451 1946.39 25 24 15
-20.3725 225.969 1130.52 255 237 211
12.9901 5.15068 1121.55 83 59 38
30.5216 365.788 1256.57 252 239 221
-12.9082 305.203 1160.96 122 106 111
547.155 -199.644 1799.38 183 188 177
-65.2495 76.4098 1135 254 230 218
63.9094 134.749 1244.99 115 91 71
-53.9358 76.1943 1068.28 97 56 41
-12.4563 319.665 1188.78 80 66 68
80.6898 -3.15912 1132.51 77 12 9
2.57 468.124 1199.88 214 214 203
35.3455 -14.3227 1123.93 193 167 169
27.0362 381.398 1283.37 115 92 78
544.077 42.1733 1736.54 231 231 230
90.1879 174.361 1313.05 152 118 83
57.1742 454.416 1239.58 248 255 253
82.928 160.192 1250.94 251 232 211
-1.21402 394.568 1170.48 134 104 90
140.883 431.249 1328.6 61 62 62
72.375 127.67 1218.69 129 70 48
-3.67714 458.289 1254.83 196 180 163
444.215 208.501 1964.51 201 198 190
493.79 -79.1022 1621.02 211 200 189
-56.6491 121.4 1070.58 255 247 244
19.5624 280.456 1216.37 249 226 217
-14.7051 274.487 1134.65 136 87 65
27.4785 344.581 1111.02 253 244 238
1.68846 385.82 1170.43 167 148 135
503.797 40.1942 1645.58 96 91 89
67.1362 147.299 1246.79 126 114 89
-21.1325 337.129 1060.7 217 196 190
129.868 155.811 1318.66 117 91 71
80.7608 621.03 1379 217 239 228
88.5867 183.464 1199.17 230 216 204
553.711 -102.429 1701.18 250 243 240
536.124 24.0396 1644.74 249 249 241
-66.9975 52.2288 1064.11 255 242 212
-51.6925 186.009 1161.28 83 51 44
73.9853 199.725 1218.49 253 239 227
8.46993 6.66607 1198.55 255 248 234
620.651 -255.156 1694.47 218 226 228
76.3594 122.652 1246.27 249 231 208
-64.5487 104.068 1113.3 147 80 62
515.917 21.9492 1639.72 233 220 216
-30.0966 97.3833 1169.07 129 128 123
521.946 306.868 1999.69 58 85 85
-14.2962 407.859 1276.92 253 254 255
-43.7169 89.9859 1091.95 106 93 86
73.6985 191.206 1251.92 255 251 238
116.823 181.706 1318.85 110 93 77
512.513 -69.2905 1622.3 144 138 135
578.024 -24.5538 1636.66 137 126 121
92.1017 662.124 1474.83 118 144 133
-110.452 547.973 1518.44 188 184 176
511.527 271.572 1675.95 83 112 115
30.781 457.836 1262.13 126 99 78
-55.7286 137.64 1220.29 224 187 182
17.1492 306.489 1194.09 107 101 106
529.448 26.8224 1563.48 164 133 128
386.326 -189.107 1585.23 109 111 113
-83.33 531.827 1443.58 102 100 94
541.93 -113.007 1614.31 238 223 203
-57.1537 97.9079 1089.62 250 208 208
-75.5389 137.086 1113.27 77 40 25
-55.9763 91.4384 1044.9 250 213 188
85.6961 142.075 1214.08 150 118 90
5.63562 352.066 1311.15 254 245 228
67.2845 173.086 1267.97 248 218 208
23.1183 432.978 1230.87 151 156 154
67.8382 162.136 1163.28 153 112 99
72.7621 212.732 1223.49 131 125 130
480.564 -74.0194 1514.77 231 228 236
94.048 237.304 1319.89 145 132 120
29.1246 316.148 1197.13 128 102 100
-10.4512 439.708 1224.24 61 50 41
87.8697 154.405 1307.2 163 107 73
64.0632 159.576 1247.24 229 201 193
57.5882 122.125 1242.62 255 231 215
150.582 465.152 1417.68 73 76 74
563.089 -4.44255 1640.34 252 239 236
12.0088 491.339 1259.97 116 119 114
80.4989 218.407 1276.04 134 98 84
506.351 -19.4558 1552.52 245 235 220
-57.3937 133.831 1158.39 118 45 38
99.0684 201.486 1257.62 172 165 163
31.5911 270.815 1186.67 178 134 114
-67.0196 62.7503 1064.77 220 139 111
537.135 -221.681 1589.12 179 180 181
-41.7456 220.28 1175.94 251 247 231
360.736 -172.354 1509.25 198 207 200
-34.3296 284.867 1131.24 92 82 84
55.8619 353.8 1286.58 252 254 239
-48.2055 202.274 1123.31 99 87 72
87.3182 334.301 1265.86 228 220 207
88.28 357.283 1329.06 156 150 133
-37.329 241.448 1165.72 171 143 133
551.51 303.196 1702.37 118 141 138
79.2937 111.666 1209.4 183 137 109
95.7397 182.476 1255.33 184 160 147
11.1209 273.193 1190.69 252 219 198
-18.4798 162.084 1176.54 156 117 96
3.43183 271.435 1087.28 153 132 142
486.566 -2.32862 1533.13 240 234 231
37.8477 244.515 1194.1 253 249 242
-4.51001 356.32 1218.49 171 139 143
19.7571 100.875 1153.63 234 225 218
500.728 192.165 1586.99 88 81 67
76.7852 181.853 1251.68 166 127 121
-35.9465 241.153 1178.62 246 240 226
50.5075 356.599 1229.9 183 169 150
-14.7327 254.572 1133.45 166 101 84
-1.28596 353.085 1167.29 153 140 138
-50.9381 176.959 1121.1 214 217 218
138.941 -52.6913 1338.5 255 247 225
7.57561 119.642 1128.95 241 214 205
-61.9299 190.115 1169.33 55 31 26
76.4988 141.338 1248.02 236 214 197
534.979 -45.1834 1629.28 239 211 191
16.4328 34.0313 1173.28 212 150 118
42.9215 319.077 1255.92 162 116 112
-44.1796 95.1618 1121.97 181 181 168
450.497 38.3441 1558.72 171 161 159
430.469 -35.7158 1417.74 111 91 90
570.459 -9.23194 1725.69 251 240 249
-102.531 106.435 1105.41 134 108 99
468.776 184.907 1508.77 36 33 28
567.964 297.164 1836.49 137 166 165
588.585 102.735 1665.5 255 252 231
-20.418 160.948 1126.22 158 115 90
-24.2486 292.194 1184.53 152 158 143
-27.2139 200.085 1177.55 242 221 196
-24.2978 209.094 1178.83 216 196 170
482.979 -59.4009 1692.13 162 139 130
-56.5623 261.159 1125.22 107 82 80
-73.4004 195.519 1167.25 188 155 139
575.027 -56.1691 1714.1 211 179 165
142.484 103.781 1315.39 255 245 230
-7.04556 376.375 1167.91 202 201 197
-31.4373 167.151 993.246 146 112 78
535.67 -68.2507 1699.21 254 246 236
-6.86296 80.3825 1172.52 255 244 245
561.436 -24.714 1635.68 238 216 213
149.484 76.7433 1425.59 206 148 129
37.1216 112.724 1157.59 192 158 145
-15.5722 141.587 1175.57 145 152 148
-6.47878 94.0256 1124.37 254 255 253
634.747 -106.183 1703.68 226 225 197
151.195 223.259 1394.97 204 150 132
135.216 57.6303 1308.87 255 241 215
131.152 221.796 1265.3 255 253 230
40.8061 238.647 1194.26 178 166 156
-4.56487 111.101 1144.52 252 221 208
41.0737 310.833 1199.17 217 165 158
20.1086 448.383 1231.46 220 199 193
51.1705 152.527 1112.96 178 147 137
9.18052 488.936 1321.4 110 88 74
665.076 108.67 1759.94 254 255 228
-22.5307 482.337 1224.88 102 93 79
478.164 -28.8451 1628.49 190 154 143
-80.6301 517.364 1413.31 162 149 132
557.368 -63.5354 1930.38 83 48 37
9.29574 294.265 1180.47 229 236 222
-151.854 240.685 1264.2 81 26 8
7.47533 60.7421 1124.64 255 210 204
512.09 -50.2579 1546.72 143 118 100
587.744 -109.885 1720.26 219 216 191
45.1208 118.763 1239.89 221 198 190
31.3631 110.544 1182.54 252 247 242
-0.472738 317.84 1144.04 170 138 133
669.62 360.06 2025.98 177 201 195
426.65 -80.7042 1405.66 81 60 52
440.558 -80.0801 1461.28 21 1 0
11.6248 314.126 1249.02 237 230 213
582.484 -69.1359 1626.74 251 249 225
508.365 -100.382 1486.94 220 204 182
31.7065 317.304 1314.07 222 213 216
470.471 232.48 1663.52 85 114 110
522.362 64.9078 1652.39 98 75 61
498.332 -37.1684 1628.36 134 107 97
