42.6749 181.441 1368.2 24 17 14
-52.6503 37.3702 1212.77 255 245 220
-50.1078 422.027 1161.1 255 251 249
151.077 314.902 2215.42 244 247 233
24.124 84.7458 1290.93 145 135 122
-46.518 454.243 1216.23 216 210 204
-38.7907 487.265 1190.49 89 93 86
-86.4313 450.328 1234.26 251 249 247
-78.6895 345.917 1124.07 137 106 106
-169.193 149.355 1092.51 203 176 172
-68.2935 431.171 1147.3 129 108 89
269.807 345.119 1863.34 66 92 103
-67.0956 450.336 1110.87 239 234 227
25.668 79.0964 1327.59 255 255 235
260.941 98.5661 1704.98 136 123 123
-55.9622 29.3942 1305.46 246 226 219
-127.214 219.88 1106.54 74 57 51
313.767 389.895 2103.62 71 97 112
262.964 426.807 1878.13 53 75 84
-55.6922 307.423 1151.54 244 222 218
-49.9525 497.414 1245.07 86 68 50
-105.151 339.457 1168.43 116 106 107
253.455 -19.1058 1686.22 225 212 210
-34.6043 388.906 1242.75 248 249 227
-79.3023 457.445 1208.86 244 230 209
-111.16 242.914 1111.52 59 51 43
189.471 342.1 1847 19 40 44
145.101 -120.367 1648.55 79 78 82
233.137 6.40368 1788.7 181 155 149
-4.32893 252.649 1300.07 191 194 190
-116.513 134.008 1058.67 161 80 50
-52.4629 404.372 1211.07 124 104 86
-50.4971 387.724 1183.39 255 245 227
-89.3213 196.513 1113.8 149 133 132
-16.3541 206.09 1234.44 142 122 100
-137.691 177.917 1101.7 60 20 18
-198.465 518.207 1239.18 151 150 139
-17.2001 265.126 1298.2 117 102 93
-83.1179 252.768 1072.04 246 231 213
-179.582 100.889 1042.46 153 135 138
-111.886 123.485 1017.15 214 154 132
-84.1356 317.369 1121.48 255 247 235
294.696 84.3722 1716.14 146 139 131
266.526 50.9663 1803.13 235 214 210
-110.814 333.201 1166.75 226 231 218
372.765 -204.775 1999.1 196 209 207
-81.3808 311.915 1121.82 122 90 64
-123.214 108.258 1075.64 119 51 30
-125.629 113.972 1103.71 210 151 138
-51.1317 330.35 1219.7 140 137 134
269.139 325.976 1859.3 104 128 135
315.467 285.305 1925.38 114 112 104
-229.777 97.9211 1122.13 175 150 131
-86.986 410.109 1151.94 221 218 215
-7.11149 231.283 1238.33 254 252 242
-125.803 102.828 1074.85 198 134 109
322.019 35.3581 1801.73 255 250 240
-20.3518 225.619 1127.71 235 225 219
-46.8704 428.681 1242.23 245 231 218
-24.4069 148.476 1157.24 126 69 50
-67.9456 401.275 1180.19 153 132 126
259.945 60.4712 1699.36 87 86 81
-116.579 248.209 1110.57 209 171 151
331.196 35.3819 1803.02 135 126 125
-23.7161 170.672 1288.68 255 242 221
-114.115 179.173 1061.6 127 138 115
-120.665 88.1984 1031.24 251 208 183
-116.738 171.372 1094.93 162 45 36
-236.695 288.796 1185.92 61 14 8
-105.168 110.199 1011.21 246 238 230
267.089 -34.9807 1646.17 229 235 225
303.111 37.728 1808.05 251 248 229
250.152 479.761 1885.45 98 112 107
-96.6464 357.702 1171.4 96 91 97
284.74 460.657 2118.09 87 120 137
253.386 28.9887 1697.93 235 209 187
238.706 -28.1315 1598.65 81 57 56
-78.676 337.449 1123.67 186 146 144
-16.0299 203.127 1262.91 249 238 209
258.629 75.5315 1621.14 239 212 205
-70.2247 49.6724 1157.36 253 229 208
249.442 100.196 1807.75 174 159 152
303.453 84.4378 1717.5 221 203 188
-185.161 136.721 1110.27 142 132 125
-21.3552 211.305 1179.36 156 132 115
255.668 -14.6968 1650.65 249 247 244
295.297 450.01 1990.46 120 134 137
236.278 33.1462 1695.96 207 180 158
-114.166 38.9023 1214.06 95 76 70
278.64 326.285 1861.09 218 240 246
-42.8489 374.984 1300.58 130 117 111
284.73 14.299 1697.22 239 214 188
224.139 53.4322 1511.86 164 134 128
-111.344 125.238 1094.93 118 101 93
-22.6589 225.863 1202.02 249 242 227
-46.8532 366.17 1238.62 133 105 100
-103.58 54.2254 1320.93 121 88 64
-53.4431 465.024 1186.36 132 126 125
-119.103 139.223 1058.38 216 136 105
43.2105 189.871 1558.45 239 228 203
394.751 412.107 2450.46 140 162 160
-47.8699 325.645 1107.34 222 214 213
-34.8397 172.809 1281 158 115 103
-69.2242 343.692 1322.28 171 127 133
281.675 248.995 1725.41 89 73 57
281.74 15.6261 1827.2 159 116 117
-97.5286 215.703 1113.08 170 137 127
-150.735 216.054 1121.93 60 15 7
-10.7347 278.519 1300.74 170 137 127
-38.8092 32.705 1162.73 255 249 228
-103.699 290.152 1026.34 252 254 247
-59.0357 362.206 1235.59 150 145 145
216.876 314.68 1847.05 87 113 111
197.213 467.17 1872.29 44 57 57
308.518 -32.7392 1888.4 147 147 142
-128.376 223.56 1104.41 210 175 162
-78.8277 444.9 1128.33 59 54 51
313.085 49.8712 1926.57 154 135 134
13.1776 117.562 1251.02 240 189 166
-108.756 162.278 978.132 144 81 54
279.648 8.59529 1788.88 248 240 234
-86.585 191.048 1114.09 225 173 168
249.7 334.916 1964.96 106 132 128
418.712 363.444 2449.08 253 254 249
-42.1069 296.963 1219 143 124 112
14.1151 14.2846 1377.55 255 250 216
182.892 93.4189 1688.2 144 126 99
-65.102 358.683 1233.98 247 252 248
8.62703 9.47238 1256 255 242 229
-57.0398 370.89 1039 248 254 250
-93.8656 104.412 1051.69 255 252 235
-6.15221 228.175 1289.18 174 160 141
180.879 362.762 1957.81 27 41 55
-67.3965 158.245 1116.31 255 237 218
312.108 78.7958 2194.89 83 57 52
-171.022 165.73 1187.85 74 48 40
-66.7247 182.698 1138.83 211 193 170
201.717 375.112 2079.3 143 160 175
-99.6841 137.308 1148.43 186 182 182
-109.189 234.342 1185.21 182 145 135
-75.5779 146.841 1113.84 255 246 232
-102.074 266.318 1164.91 241 223 212
-81.1076 180.091 1114.65 156 106 103
-41.2456 271.756 1128.1 209 175 162
-67.425 338.812 1316.16 110 98 93
-78.2285 113.441 1111.18 254 251 245
431.294 189.966 2106.3 249 247 230
-35.9273 154.864 1172.4 247 229 223
-47.5539 301.793 1179.35 214 187 169
-110.408 219.086 1082.69 122 78 61
27.679 152.695 1298.19 190 153 131
-48.1291 315.357 1220.06 169 141 133
-47.1778 444.936 1266.47 126 118 114
-70.0218 96.9899 1111.89 255 246 232
114.506 -88.5944 1746.02 37 29 5
-75.1489 42.5897 1038.89 217 191 159
-85.1434 101.136 1112.14 171 154 155
170.526 331.875 1840.99 101 116 136
-820.75 -169.772 1269.54 125 120 111
-120.005 71.5863 968.908 221 194 178
-38.8206 148.904 1171.36 195 165 162
-166.818 89.218 929.141 145 111 113
