54.8704 -4.46035 1128.7 252 229 226
-56.6262 106.572 1069.8 220 201 187
323.73 381.045 1880.05 16 40 47
-73.081 63.6422 1084.47 218 203 186
54.1244 -15.944 1176.55 223 204 205
362.411 212.042 1752.37 54 47 40
10.804 292.287 1139.99 87 86 80
313.945 -16.7005 1666.12 210 191 170
92.9054 6.25009 1214.58 81 20 18
376.051 -104.259 1794.98 255 253 232
374.14 408.802 2092.68 203 235 250
56.4344 406.387 1184.21 255 254 251
49.1191 532.503 1330.53 172 174 172
-3.54953 72.7662 1078.14 255 243 216
95.3275 3.9706 1335.85 121 82 58
28.2127 396.834 1148.29 250 239 213
-11.9801 185.8 1129.43 79 63 65
56.6942 441.484 1208.01 107 94 74
339.168 8.24281 1706.16 255 252 249
195.847 232.469 1472.56 157 173 182
116.087 465.122 1326.16 29 28 26
2.62962 183.052 1104.45 101 61 56
-2.66511 89.5066 1013.13 189 95 81
259.012 -178.684 1856.57 41 46 34
306.466 -156.605 1583.18 35 28 17
107.494 -29.3638 1197.93 251 240 223
375.98 -184.076 1887.75 196 184 177
-8.50898 48.9887 1033.58 255 246 229
-14.387 271.472 1153.69 211 193 192
31.0774 393.347 1176.08 61 52 44
380.675 -2.31428 1814.89 152 135 126
56.5198 398.946 1206.01 238 233 228
-1.38274 127.991 1058.95 113 66 49
-11.25 42.7319 1095.85 121 105 88
-9.01678 310.736 1305.59 254 253 248
2.10239 200.28 1086.6 110 84 70
22.4099 370.488 1146.03 248 244 236
21.4055 370.403 1124.34 167 167 155
394.502 339.769 2130.15 88 110 114
334.254 -66.0276 1664.98 211 197 188
-115.757 54.9529 1099.21 189 155 144
42.4364 8.3373 1152.6 255 248 233
84.5327 -42.3841 1289.22 84 75 56
320.998 434.511 1890.11 127 136 132
52.9367 277.703 1198.59 250 225 220
37.0087 402.73 1177.93 108 88 66
25.393 156.941 1123.16 117 79 70
51.6703 382.8 1179.41 105 93 96
18.7044 401.543 1125.75 174 155 132
-23.8788 176.047 1018.1 241 217 198
-154.175 85.9917 1167.11 71 34 24
72.0911 345.09 1232.27 248 248 225
56.359 362.544 1204.13 162 135 128
412.155 40.8514 1942.96 254 248 241
-24.7367 138.133 1097.39 126 72 65
2.40596 82.9234 1055.37 131 113 93
2.09036 197.682 1132.96 193 178 158
-20.164 202.046 1149.92 191 169 149
-5.77903 61.8917 1097.79 249 161 142
-48.1972 266.404 1126.52 187 170 165
-3.51158 211.677 1132.68 219 182 164
-49.06 110.236 1091.38 168 158 151
360.44 -78.9984 1774.48 140 127 123
92.234 159.954 1252.52 253 243 217
23.4578 485.952 1233.6 185 165 144
58.1418 309.966 1169.1 138 130 128
82.6707 147.151 1249.64 142 115 88
445.921 72.3544 2161.51 65 38 22
329.983 -2.2778 1608.82 63 38 25
324.147 18.7694 1705 21 5 8
70.2678 328.652 1287.02 154 140 132
97.7641 170.542 1308.91 154 131 107
29.0455 294.605 1194.89 145 141 121
93.2199 218.74 1278.24 149 138 128
131.055 18.3941 1304.14 91 81 49
34.0274 291.713 1126.82 255 251 253
304.715 -39.8984 1692.39 143 114 107
89.4295 478.231 1303.82 184 186 186
19.1699 189.156 1107.82 245 233 210
65.4059 396.375 1264.27 206 199 187
60.0578 308.697 1175.3 227 219 209
26.3367 378.774 1198.99 159 153 156
-3.63645 149.28 1128.82 166 142 128
99.4996 206.017 1277.9 144 125 118
39.4136 298.717 1170.51 161 153 149
456.199 -251.237 1976.84 194 211 208
24.8211 227.092 1139.15 242 229 203
51.2923 -37.4309 1345.18 138 168 173
101.93 188.281 1286.33 165 148 130
153.376 287.11 1300.63 76 72 69
56.7522 258.075 1170.4 107 85 83
70.3191 341.541 1287.55 136 128 117
427.682 50.571 1947.59 163 147 138
10.4406 457.911 1127.33 133 135 123
31.2351 451.916 1151 120 95 77
134.45 24.8631 1305.44 39 28 4
54.1627 441.262 1236.66 160 157 149
389.614 -11.2917 1814.75 252 245 232
26.7697 308.264 1121.19 165 163 162
60.9117 260.452 1168 218 196 190
286.879 -27.3175 1448.51 227 189 179
80.2345 380.75 1329.6 220 216 193
369.01 53.6566 1812.56 155 140 134
217.759 343.204 1725.86 144 142 139
370.489 -220.835 1770.99 218 234 231
406.401 -230.055 1774.53 192 211 211
312.119 52.5551 1707.96 64 47 39
315.322 264.481 1755.27 147 175 177
333.319 264.934 1758.25 196 232 250
315.024 37.7248 1541.85 113 102 99
10.8253 300.87 1140.44 195 183 176
82.5622 134.642 1248.54 177 122 112
90.8143 145.488 1222.73 189 152 118
363.476 297.761 1974.73 87 119 131
44.9971 670.52 1405.65 123 151 136
35.7046 110.6 1133.78 255 244 236
74.3286 589.666 1276.12 146 171 157
34.4555 148.924 1136.02 168 128 102
260.414 40.9751 1459.24 139 116 106
395.785 36.9898 1990.12 54 37 36
28.7531 139.673 1108.28 156 114 106
6.00853 -13.4024 1221.03 176 181 183
203.681 185.189 1548.8 127 134 122
-10.2592 -40.786 1343.55 143 164 174
-44.6465 305.511 1180.06 128 114 102
367.315 263.705 1856.02 148 170 168
320.943 -26.0541 1604.01 160 109 85
444.168 347.63 2266.66 119 134 135
17.364 378.175 1197.13 77 54 59
10.8811 -16.9444 1277.88 31 57 53
4.61746 121.526 1082.63 252 254 250
18.6904 4.92538 1099.58 111 89 69
95.9968 226.269 1258.65 175 168 157
264.366 -19.9788 1790.41 51 35 19
-3.64808 143.61 1128.46 202 118 103
72.4504 120.322 1276.45 248 230 220
389.404 -35.39 1785.41 251 234 211
-31.5534 109.105 1120.64 134 82 70
-34.0838 103.172 1049.3 93 43 35
50.0901 310.763 1200.02 186 173 159
12.2843 4.12142 1012.47 191 171 151
23.9796 468.526 1178.35 159 150 129
101.053 7.77917 1396.68 255 243 231
61.797 112.48 1180.67 206 172 160
86.8661 192.88 1244.63 215 201 191
-7.69634 143.889 1069.35 251 246 235
263.401 -50.7509 1784.72 59 34 23
26.0737 78.6263 1083.93 193 184 167
