-3.64817 334.453 1074.67 246 244 236
19.4091 -18.8514 1146.19 255 247 239
-34.6998 383.052 1244.64 240 244 241
460.695 -131.618 1687.37 255 249 243
390.794 -177.687 1511.27 213 206 203
11.7163 370.585 1254.03 252 252 247
56.5646 -12.5413 1229.79 122 70 47
-38.922 217.016 1177 255 251 218
-16.2013 390.675 1249.27 242 214 201
62.7783 -6.45244 1231.56 84 19 5
1.64621 364.432 1170.28 246 245 239
18.1955 450.176 1260.44 10 11 8
9.61028 381.724 1192.44 220 205 204
51.6539 196.764 1248.87 81 70 67
10.647 353.796 1222.84 247 237 235
-16.4392 460.481 1226.17 232 225 220
-21.4534 407.1 1168.7 224 217 205
-59.8354 73.0554 1087.52 60 19 18
-76.4137 49.176 1037.75 255 224 190
-61.8575 81.618 1112.48 148 129 123
-28.6108 391.251 1217.63 231 204 184
23.1824 435.72 1232.72 255 253 255
-53.4534 278.203 1178.11 92 83 81
-27.1734 368.977 1189.67 51 41 36
48.2907 153.071 1244.32 105 67 44
51.4789 165.597 1246.08 124 92 80
105.242 410.012 1319.48 121 119 121
317.319 -193.167 1576.84 68 64 68
253.862 155.421 1821.04 86 87 78
-1.99511 365.146 1141.04 152 137 133
3.72263 414.176 1245.61 246 243 241
507.057 386.7 2018.85 41 63 74
-21.2694 384.364 1191.85 181 162 147
-31.5961 255.838 1130.86 65 66 43
-78.4411 54.042 1082.66 137 45 25
43.894 147.36 1301.82 238 214 206
472.194 345.219 1888.16 160 185 206
57.5784 140.899 1245.03 253 236 214
-75.4969 84.1408 1109.74 168 70 56
-38.8949 149.607 1171.91 106 68 59
42.0645 152.908 1243.06 255 251 234
-0.826631 254.233 1187.81 255 252 232
441.954 342.885 1791.12 85 112 115
-64.5517 65.0631 1110.69 253 255 246
-33.0834 303.035 1184.26 151 113 95
2.48345 420.445 1255.26 126 122 118
20.463 -31.9322 1277.87 234 213 209
-73.1918 82.2077 1159.07 250 222 205
-64.9763 204.676 1224.44 147 152 145
-79.1424 171.68 1164.68 27 7 3
459.556 9.80187 1635.02 255 251 244
-47.4795 79.738 1164.48 119 111 109
71.7192 -1.87403 1267.63 255 241 211
51.1763 112.886 1241.17 182 139 109
51.1401 106.713 1240.58 253 239 210
-0.558789 385.861 1196.35 144 133 128
472.078 27.503 1726.76 218 212 213
470.272 1.90421 1720.52 204 184 180
-31.6489 71.1542 1141.63 129 111 101
29.9968 335.939 1280.61 234 223 212
565.45 16.5253 1917.07 246 237 230
38.6684 117.884 1295.56 254 228 205
69.4618 147.939 1413.21 132 91 59
548.117 -68.9466 2067.69 126 76 67
-20.446 205.514 1129.89 48 37 13
-63.7933 114.493 1182.24 67 58 53
-75.9221 82.5254 1054.86 200 120 99
16.4994 292.396 1218.15 148 120 119
-300.482 -64.4559 547.89 171 174 168
-72.3563 75.4063 1064.48 203 129 105
475.064 -111.283 1693.53 255 252 244
67.1721 172.297 1249.76 251 245 223
-134.351 48.093 1094.01 181 167 150
498.933 -104.484 1796.56 245 245 245
-61.1834 166.442 1139.05 223 208 217
-56.8048 184.745 1074.73 254 252 224
-3.48473 274.319 1137.83 121 110 105
46.0991 116.625 1186.45 254 247 225
45.3383 538.691 1245.21 72 92 78
110.148 191.839 1319.43 152 132 126
8.21867 326.393 1194.57 238 203 192
311.617 165.438 1736.8 209 209 194
-6.20089 -7.54161 1141.98 251 231 211
30.5703 77.7574 1197.47 159 146 151
45.1766 124.46 1297.24 205 170 151
-62.043 157.864 1071.95 115 82 76
11.2724 445.652 1287.6 107 90 70
-79.8108 58.3247 1112.76 227 153 138
54.3815 128.418 1243.25 251 239 210
51.5851 184.294 1247.76 255 234 215
54.7136 93.0894 1203.75 158 111 85
-22.512 450.606 1224.02 124 102 82
-33.0209 130.198 1141.56 115 95 82
-103.503 475.266 1323.51 70 66 59
-90.5398 177.066 1162.48 227 199 183
-51.4818 152.842 1073.84 146 118 103
89.9333 161.637 1312.48 173 146 137
70.4014 184.886 1251.51 170 168 161
401.966 23.9015 1624.31 167 165 160
-33.0878 294.136 1183.67 140 103 103
554.331 -184.62 1680.12 195 193 167
553.611 -192.748 1678.03 245 244 217
512.405 -19.3447 1718.98 249 220 215
-84.856 177.26 1163.8 199 170 152
5.93955 120.725 1170.71 163 115 106
63.6155 164.177 1307.54 210 202 190
-16.4638 444.914 1224.9 101 71 66
2.50883 311.033 1103.94 195 167 147
-1.51243 444.609 1284.66 230 224 216
490.268 -23.5861 1716.17 255 244 245
444.277 -97.921 1610.43 172 171 168
64.3543 159.722 1213.31 200 185 170
-72.4669 120.335 1067.39 177 122 122
427.181 25.9362 1635.09 173 163 162
-37.7727 373.443 1243.3 233 216 216
-170.202 35.9591 1132.67 136 112 99
48.3909 171.727 1246.01 255 253 237
435.532 25.9345 1635.99 121 110 109
46.7223 170.253 1173.15 137 110 87
478.421 259.604 1876.68 96 122 130
31.8022 360.556 1318.54 238 232 209
460.813 -34.593 1625.67 245 230 222
112.772 57.8218 1376.21 215 156 117
-53.3666 253.354 1102.13 215 217 219
105.293 51.4269 1303.44 255 245 219
32.3987 433.333 1234.45 91 97 96
513.941 272.836 1989.23 96 124 145
-521.162 -254.779 1261.12 141 135 122
26.0902 41.9519 1229.44 161 113 120
-83.4781 37.4866 1104.63 239 201 184
-16.0911 463.143 1253.76 255 249 235
-72.8971 131.117 1113.65 155 131 142
-20.3634 290.442 1135.35 255 249 247
-14.913 129.815 1125.7 110 68 42
345.21 -230.686 1666.42 212 182 172
-118.653 91.768 1100.66 158 130 125
25.2263 101.91 1122.29 124 101 74
-200.616 60.8658 1178.64 86 32 16
100.671 -66.4973 1288.87 239 222 203
-47.7925 51.8976 1016.77 240 211 191
-24.3114 285.722 1185.01 240 234 229
-70.5588 166.134 1166.21 189 190 189
-9.63366 359.122 1273.86 255 245 225
674.248 -214.586 2025.76 243 247 230
388.757 -66.0994 1611.67 147 119 109
-34.5518 136.987 1163.02 193 160 154
20.6492 236.1 1245.86 228 190 175
-70.1126 109.064 1112.69 255 249 239
-9.86991 109.486 1174.79 255 221 197
-30.1315 344.9 1187.57 252 254 250
441.199 -82.1552 1613.57 145 137 130
-14.9846 311.446 1228.46 249 229 209
16.7643 192.678 1186.85 143 117 105
-48.7245 57.2458 1068.1 132 122 111
22.1798 51.6833 1176.26 157 151 131
-9.66908 253.803 1185.92 244 230 224
502.58 -122.552 1708.13 222 209 197
-85.5014 114.741 1064.25 97 52 36
61.9176 -60.5241 1282.61 67 60 46
55.4491 319.61 1259.52 145 152 120
44.0704 315.574 1226.07 110 111 89
-33.0008 385.526 1164.51 148 144 135
-86.7582 43.9027 1203.3 204 123 110
46.1627 -39.203 1259.58 171 157 130
-18.4493 280.096 1185.89 164 154 154
33.8878 44.7963 1263.78 165 144 140
390.846 260.742 1818.87 80 107 101
-30.1838 246.912 1181.05 153 103 87
-217.822 -128.171 580.055 146 148 143
-31.5688 222.273 1076.66 255 245 229
-26.0646 60.0227 1118.24 255 250 249
89.2648 42.7608 1162.16 255 244 225
-16.2499 356.116 1246.95 163 134 125
-53.4049 222.274 1174.2 255 247 232
-30.2068 379.659 1105.84 90 83 75
-43.5988 461.133 1220.1 120 118 103
67.8155 618.004 1439.68 197 218 209
-412.126 -251.922 1148.22 11 5 0
109.394 211.752 1342.94 141 123 95
533.155 -258.218 1685.49 167 202 199
447.389 -64.7698 1685.4 145 102 94
-44.6998 181.57 1173.1 250 233 205
38.4959 60.4159 1233.67 158 153 158
1.77457 86.382 1175.23 255 248 242
-112.759 101.621 1151.57 97 55 45
516.403 -38.5647 1725.15 225 202 195
313.835 -181.758 1578.79 54 53 48
108.803 70.7832 1306.26 255 241 225
66.5035 213.112 1282.05 189 159 132
296.707 -170.502 1660.61 49 51 27
65.5673 428.549 1268.91 165 165 167
-143.912 82.0957 1195.1 159 157 144
-711.247 -257.482 1406.44 93 87 77
-12.5713 280.413 1187.16 245 238 240
-176.04 225.707 1256.77 90 36 18
-40.2177 187.84 1158.38 169 128 102
-21.2787 181.861 1203.23 152 118 75
559.994 -48.691 2073.44 117 95 75
482.126 -47.026 1799.43 231 194 179
6.30442 301.826 1339.48 255 252 255
-30.1923 51.1433 1165.75 172 175 173
307.923 -201.731 1665.68 82 93 74
414.48 -100.566 1528.56 254 253 246
394.047 -107.072 1208.79 244 254 236
53.8271 574.338 1330.81 162 171 163
610.226 97.9946 1847.78 235 239 208
1.70738 54.3616 1172.49 253 233 219
-23.646 196.867 1068.54 213 171 163
4.18867 232.345 1159.15 213 215 204
108.957 83.5853 1307.75 255 242 227
629.205 328.117 2306.37 144 151 159
-2.60557 285.961 1174 211 188 176
-126.273 42.6182 970.601 138 119 106
2.866 306.443 1214.67 237 202 195
-26.0121 241.974 1131.14 255 177 144
422.196 228.997 1765.86 108 132 127
444.48 -119.278 1527.6 198 169 149
586.972 -273.656 1786.91 179 196 186
-14.6851 40.3004 1143.25 255 231 217
54.6304 70.1508 1427.38 199 189 182
417.892 9.75458 1630.73 64 40 31
35.4197 106.904 1359.32 182 138 123
474.681 -74.3146 1539.05 244 239 207
427.144 319.132 1885.23 95 119 115
-28.6251 -30.8264 1173.5 144 149 164
-111.694 101.019 1177.75 118 83 68
-30.1405 45.3708 1098.7 250 251 237
-17.3658 193.979 1293.21 199 175 119
-78.5242 197.572 1116.95 172 127 100
116.373 78.1995 1378.13 222 155 131
447.701 212.574 1657.16 159 178 176
500.727 335.283 1898.1 152 183 186
425.209 -140.57 1599.4 133 121 106
61.8131 603.646 1402.36 117 140 129
-23.2899 93.365 1121.32 255 239 215
20.2338 110.267 1359.33 219 154 143
-174.11 -56.3547 1355.06 85 64 51
492.992 -59.6774 1718.39 228 201 192
-83.7943 130.831 1111.24 110 70 77
79.2228 289.151 1229.14 255 250 248
554.527 -279.762 1889.49 164 197 183
-6.1681 316.93 1144.73 255 219 200
482.366 -274.217 1882.24 114 101 97
11.1628 40.791 1117.37 222 137 117
302.986 -247.809 1702.46 136 144 138
116.457 91.6872 1378.95 255 246 223
87.7207 299.973 1288.27 183 177 172
407.211 -216.002 1417.59 183 208 210
99.5138 203.168 1278.82 235 220 191
437.405 306.426 2134.26 94 101 100
465.996 -68.0183 1713.32 229 203 188
595.738 -138.465 1780.21 202 211 194
518.155 304.01 1838.25 169 192 191
482.833 290.445 1756.36 164 192 191
-20.4067 247.894 1132.69 185 123 98
316.92 210.748 1499.22 70 98 93
616.099 -288.742 1934.58 103 118 112
596.847 282.51 2155.83 153 188 185
594.864 -147.018 1777.71 227 236 220
