237.961 -69.9144 931.356 255 244 232
370.058 140.898 1050.48 10 22 14
193.846 182.864 1118.16 232 220 216
-380.96 266.764 1029.34 68 40 36
-291.41 431.268 1119.37 198 196 184
150.458 158.485 1066.37 255 250 245
-598.681 206.104 1021.44 45 33 23
303.695 -110.622 1023.22 196 210 209
-515.964 415.499 1057.79 108 108 103
-458.918 178.646 983.914 221 198 177
168.394 -92.6443 1050.55 255 242 241
365.823 91.2196 1046.31 95 103 86
262.751 379.617 1165.89 227 255 255
451.462 228.663 1151.47 202 199 185
373.605 8.45529 1039.88 236 255 253
-569.923 563.913 1312.87 31 33 31
-450.098 219.929 1000.44 97 75 56
303.357 348.928 1122.91 41 61 72
-513.006 66.2213 985.438 218 213 203
451.054 217.105 1150.53 224 221 220
288.547 470.491 1249.69 47 75 83
-462.292 220.088 1029.53 249 231 211
-449.899 249.671 1036.55 254 249 232
-516.736 312.699 1029.1 104 102 96
-509.159 425.923 1080.7 215 215 208
-482.067 221.082 1022.57 255 244 227
128.3 102.598 1059.57 127 112 105
428.344 558.303 1429.51 46 61 80
-335.599 153.478 1218.4 198 203 198
-318.334 372.775 1138.4 242 229 207
250.186 377.528 1138.34 29 63 75
264.865 163.668 1146.86 249 240 234
-550.926 699.404 1415.25 83 88 83
463.906 252.082 1174.19 214 216 212
-340.813 103.838 914.802 253 239 218
393.756 530.382 1358.5 40 77 89
139.915 184.83 1066.3 232 220 220
-468.078 202.627 982.667 234 222 205
-486.948 384.759 1005.28 202 202 194
-454.872 253.339 991.398 129 121 117
409.248 113.167 1069.96 247 255 250
80.981 -23.4004 967.972 60 57 55
-521.224 66.019 982.442 216 202 193
-435.866 113.435 986.906 81 41 25
386.387 -4.34502 1039.69 244 253 238
-472.597 350.368 1006.56 232 232 217
240.314 147.925 1056.66 210 182 175
-381.367 279.732 1030.54 242 228 205
302.174 -112.175 1062.82 181 199 203
210.298 166.403 1034.39 210 199 189
226.913 59.0017 1029.52 244 238 220
150.644 51.1524 982.029 255 252 251
335.107 458.056 1378.71 124 158 151
358.957 453.362 1204.25 240 254 255
400.684 -42.7644 1037.01 102 113 100
-545.019 390.034 1115.15 235 226 207
271.72 190.802 1084.78 81 58 45
298.805 -100.586 1023.73 222 247 245
241.029 177.064 1059.35 90 50 38
-592.581 445.744 1159.31 128 128 113
-363.978 134.374 1293.45 234 233 223
-414.333 450.239 1115.22 247 251 246
-451.467 594.203 1188.72 87 104 95
143.649 39.6501 1057.53 224 216 220
-558.311 415.174 1150.12 91 79 70
445.474 239.998 1171.81 243 254 244
131.503 152.83 1063.16 218 202 206
261.954 401.024 1235.64 77 98 100
377.982 -46.0632 997.308 246 254 230
-321.778 244.224 1186.65 222 197 181
230.067 184.418 1079.09 255 234 219
388.212 -24.8348 1037.88 228 249 227
-433.861 118.4 987.957 206 152 132
128.414 158.835 1042.86 199 182 183
230.099 51.4382 1007.43 135 108 86
-289.002 269.56 1058.49 201 178 170
316.491 -65.7326 990.967 254 248 238
166.773 238.711 1054.52 233 240 223
249.352 128.498 1036.94 254 247 246
164.087 -96.1231 1091.95 246 184 167
262.454 3.21036 1029.23 205 197 204
-489.412 67.7382 925.618 128 121 108
-483.598 203.009 1020.35 109 91 71
-417.423 126.352 1021.76 255 241 249
228.349 -74.9282 982.226 141 131 115
130.926 97.3743 1059.62 254 243 238
317.451 462.588 1253.54 89 126 131
-375.58 325.439 1067.74 122 110 110
221.473 48.7472 1028.14 246 236 211
136.563 147.605 1142.77 255 246 248
153.226 163.853 1067.1 88 87 85
123.102 33.3954 992.489 248 244 241
155.323 -50.5562 956.412 212 214 192
220.864 -55.3318 1000.76 186 189 191
-497.536 293.664 991.045 110 84 76
254.386 160.503 1144.65 255 225 214
151.834 133.184 1044.13 237 215 199
-356.546 193.62 1044.77 250 246 219
-447.612 74.3036 966.218 105 46 27
-598.949 122.236 929.357 228 227 213
182.526 12.4661 983.544 173 172 163
-347.438 128.435 1157.33 187 171 164
361.933 411.071 1342.14 95 124 147
147.454 -101.216 1089.34 236 217 221
-540.04 419.591 1131.53 224 210 196
306.343 -68.0893 972.359 94 78 65
119.097 -134.19 1208.53 130 123 118
100.663 -121.643 1081.22 229 223 208
-477.36 617.031 1240.22 181 191 184
228.04 175.632 1098.86 132 108 98
-387.904 435.546 1073.06 67 66 58
220.538 109.202 1072.86 251 235 214
281.418 264.486 1090.27 231 232 206
-563.049 324.327 1058.08 140 135 138
-307.814 365.264 1091.47 250 210 198
157.497 -54.7951 992.967 206 209 181
130.754 81.5369 1058.56 93 48 44
-324.142 249.454 1233.5 156 135 113
-589.396 264.484 1032.09 219 202 181
-372.532 383.779 1122.65 151 126 108
412.398 118.008 1114.53 218 238 225
-370.154 389.745 1123.95 86 55 39
145.552 41.3826 980.763 246 224 219
409.338 186.193 1057.22 213 222 217
-398.868 46.2922 1002.14 226 199 166
-393.216 309.245 1089.08 138 122 120
-319.202 279.667 1182.14 215 186 173
-395.527 303.576 1087.96 249 246 233
-508.703 515.203 1199.91 56 59 61
-454.729 174.301 993.99 90 60 44
386.894 8.45952 1040.92 232 254 238
267.09 398.38 1270.66 103 124 138
360.313 27.8457 1002.47 226 248 222
377.412 39.3777 1042.96 234 244 228
-502.067 393.953 1092.1 215 213 193
-373.324 331.035 1068.93 204 201 197
158.005 149.545 1087.08 167 164 170
87.4618 -81.8562 1082.5 76 73 71
-401.286 221.899 1032.97 134 113 90
-319.423 320.074 1084.47 255 222 197
330.352 460.18 1255.22 92 131 138
122.772 34.84 1031.53 175 154 152
-491.647 366.894 968.208 210 202 192
391.963 106.048 1027.9 212 228 208
-317.497 348.616 1102.77 238 204 194
-442.396 369.401 1049.93 249 251 233
-331.134 312.124 1107.91 251 220 198
-510.612 270.494 1168.75 255 246 235
128.264 116.003 1124.18 243 223 214
121.073 -123.58 1177.35 183 193 193
-565.073 328.105 1049.25 246 230 232
-387.439 56.3385 984.258 233 224 183
-454.517 272.039 1084.31 143 140 138
-598.14 195.827 1020.48 121 105 93
284.18 -92.5902 1005.38 234 255 250
389.587 44.2744 1037.98 239 252 242
130.869 92.049 1059.28 119 88 90
270.442 -92.0044 984.823 219 213 214
-347.272 247.154 1070.03 238 225 205
-501.891 288.033 992.479 215 172 162
136.115 81.6094 1059.36 128 91 83
-413.351 216.014 1141.12 143 130 107
336.805 381.042 1225.13 77 103 119
-403.149 335.157 1140.02 134 95 97
192.964 -104.45 1094.65 188 190 184
127.39 -54.4059 988.967 175 173 148
-439.219 76.9907 915.402 112 81 70
263.899 64.3465 1034.13 245 230 216
-456.217 228.316 988.867 144 130 110
-445.716 83.8457 967.351 146 72 49
-493.126 284.566 956.604 235 210 200
-397.571 152.774 1029.7 209 162 136
-461.428 236.634 998.086 221 201 182
-578.606 596.602 1388.12 202 200 204
-342.252 379.291 1053.03 168 123 112
187.393 346.137 1141.63 96 87 69
182.623 127.201 1069.03 255 247 234
288.261 -14.515 1030.36 93 68 66
199.655 172.931 1074.29 216 189 178
-293.665 416.692 1117.19 223 211 186
-359.067 290.248 997.551 223 216 219
-470.131 255.741 1030.03 240 230 205
181.921 119.273 1182.93 234 199 177
103.203 -131.885 1173.84 233 221 200
454.633 88.2578 1139.21 249 252 244
314.508 -5.52771 1013.84 171 171 157
266.297 67.0371 1075.24 246 220 204
273.362 174.236 1057.84 240 222 211
-490.495 322.381 996.95 158 152 151
229.89 173.644 1078.39 98 64 52
-367.678 197.726 1059.48 255 252 224
120.238 99.8346 1058.18 170 146 159
-287.074 388.89 1260.98 57 56 51
-301.596 315.511 1026.99 166 138 117
-541.415 335.552 1025.09 255 250 248
89.4707 -37.2106 1064.56 62 56 49
-491.891 339.536 1077.84 170 169 168
115.085 -32.6083 988.337 165 165 157
-528.747 351.498 1065.66 117 95 93
-396.724 199.97 1006.41 69 28 14
350.731 62.2361 1058.4 233 231 214
138.535 68.2715 1018.75 246 244 246
-419.701 153.565 995.357 157 126 114
-522.924 164.754 1047.82 157 153 151
292.931 142.567 1084.01 222 194 177
261.37 151.497 1172.75 241 220 216
-470.557 203.979 1025.14 153 122 98
-308.817 300.308 1193.98 69 47 43
-523.451 152.889 958.46 245 237 228
-581.166 376.454 1099.45 163 141 138
117.797 53.0092 1014.84 239 235 228
198.25 82.3326 1068.04 217 196 172
-486.653 371.653 1010.11 167 151 136
279.089 284.166 1136.15 222 203 185
414.345 -3.09351 1063.45 233 249 229
194.042 -111.02 1120.22 112 78 67
-403.994 137.018 999.311 238 226 213
419.625 184.773 1118.57 211 225 205
269.845 -18.9734 990.689 108 94 95
307.579 449.381 1251.53 124 154 159
-492.229 304.386 959.61 247 244 241
-490.268 121.057 968.217 169 130 126
117.486 91.8663 1057.25 249 231 229
-376.797 137.707 978.178 239 212 183
-542.222 632.511 1333.41 181 181 170
-395.299 182.916 976.025 152 109 93
-470.38 230.25 1184.75 131 97 78
-370.757 136.718 1204.47 156 149 140
-458.469 238.571 1032.55 98 84 67
217.065 192.379 1057.74 123 94 75
424.968 155.523 1098.13 226 244 235
196.395 -122.652 1138.95 208 190 184
-381.615 33.7906 1027.58 161 141 133
-505.264 415.229 1009.88 213 209 199
267.986 7.91641 992.584 180 165 153
255.509 386.714 1214.81 189 212 219
413.658 447.577 1294.15 225 250 250
134.611 -44.5175 1010.58 151 154 131
-485.364 504.481 1220.74 99 99 92
-537.919 171.128 961.216 250 199 186
-317.752 289.952 1194.3 106 71 63
94.0567 -31.687 1005.92 137 134 132
318.364 90.947 1059.55 254 253 231
199.745 -4.56362 984.391 202 170 158
328.938 89.4423 1104.1 148 149 129
-392.103 114.792 904.798 136 92 76
273.659 -13.227 917.142 82 75 68
-482.79 315.482 964.71 255 252 251
-589.34 343.26 1076.06 161 155 153
283.607 374.666 1168.33 111 150 162
-329.475 132.393 1217.95 62 64 58
368.416 491.752 1292.84 106 150 171
-580.949 487.41 1180.3 130 118 104
466.56 475.891 1332.77 112 125 129
-516.477 436.03 1079.17 176 177 177
-435.089 490.908 1047.39 151 151 143
337.689 -21.6416 941.575 83 104 83
244.131 12.2781 1046.75 168 145 126
296.504 399.776 1274.94 114 148 146
117.115 55.2178 1054.76 145 130 121
-502.803 580.462 1230.68 75 76 64
-361.737 144.037 1013.32 190 164 150
219.583 -119.632 1122.96 126 102 85
-596.013 134.077 932.05 142 116 109
287.79 -140.207 1058.83 23 73 76
-346.598 325.592 1076.74 180 131 116
298.924 67.1214 1056.16 234 212 183
-563.242 283.897 1006.66 148 122 105
-405.521 109.698 996.821 182 134 109
-410.065 116.938 995.842 238 212 196
-383.612 35.3468 944.809 210 193 167
323.497 -82.788 990.022 59 61 70
204.135 238.466 1101.31 226 205 184
367.242 347.938 1225.52 246 248 238
-546.216 482.369 1161.14 94 88 83
141.927 180.016 1046.51 159 164 166
334.866 32.7586 1000.74 163 163 149
-349.158 290.392 1272.62 48 20 8
298.813 283.549 1117.16 218 197 178
323.521 103.035 1104.21 153 154 136
431.857 119.645 1156.22 242 252 241
187.97 250.068 1075.33 199 192 171
392.682 121.486 1029.61 235 254 221
-563.384 297.935 999.946 161 174 165
183.263 110.197 1046.31 232 206 179
-413.936 91.4085 925.192 128 59 37
346.675 75.8475 1084.39 254 254 235
292.65 79.5163 1000.3 204 204 179
-507.905 67.3743 906.605 182 177 169
-617.412 161.193 963.387 225 228 221
196.284 90.7827 990.248 232 224 200
94.8803 -122.02 1205.44 180 165 146
262.286 71.2224 913.356 244 232 209
405.703 157.135 1054.84 226 237 232
210.105 124.348 1163.52 242 225 198
-559.476 353.829 1105.15 161 151 152
339.36 307.212 1270.67 252 252 231
367.362 38.1626 983.044 240 250 229
411.102 339.886 1229.35 239 245 236
-576.198 295.737 1048.24 182 149 133
193.172 -125.876 1213.27 84 19 14
-547.986 307.233 1103.92 225 210 204
211.209 -74.895 1017.45 21 22 12
-597.513 143.168 969.976 144 152 146
216.502 -51.9505 1034.2 158 161 157
-326.131 371.861 1135.98 250 235 222
-602.592 206.169 974.487 214 218 217
-566.024 376.476 1087.99 253 244 244
344.94 456.871 1449.62 212 235 235
-453.102 210.317 1031.92 178 136 110
418.437 62.8522 1048.23 233 240 226
-477.91 403.909 1154.97 240 243 224
-544.445 353.338 1070.93 255 246 244
210.277 42.3061 1086.69 232 194 161
112.542 -42.8839 971.077 137 120 97
217.098 -165.237 1250.82 128 130 123
295.62 -1.82685 994.473 168 164 144
250.164 -98.4404 1040.64 196 200 201
-366.493 53.9085 1243.67 71 67 59
272.934 -95.3128 1021.91 94 100 107
223.897 38.5698 1027.69 203 163 129
-526.362 135.502 1030.83 172 153 149
-376.691 96.7566 1079.4 158 149 145
145.654 181.734 1110.81 231 221 222
-594.617 245.547 1027.73 212 194 172
231.429 150.936 1168.65 207 190 193
-541.496 65.4704 974.926 92 84 78
312.327 -85.6712 1026.24 80 112 97
456.953 377.573 1352.24 146 164 165
395.526 77.8982 1009.31 247 253 242
-610.749 178.681 968.088 221 217 205
188.543 44.8926 951.473 172 160 130
232.078 239.017 1109.98 236 233 227
-423.258 259.51 973.607 167 150 143
313.86 435.982 1197.91 101 138 150
-497.397 351.118 1109.92 241 237 236
224.381 9.16105 1004.68 101 77 63
212.299 173.852 1139.88 98 64 53
-557.217 320.817 1014.16 171 167 171
-544.542 342.331 1041.75 193 178 174
316.506 203.495 909.669 182 181 170
346.974 224.124 989.593 250 250 240
136.008 55.3243 1034.43 249 248 248
195.907 84.1518 1027.45 197 182 149
-583.234 305.772 1074.53 229 192 176
-514.708 122.943 1001.47 158 116 113
188.724 90.713 989.3 209 207 167
389.959 18.7454 1042.1 196 223 199
231.023 3.07719 1025.82 161 137 122
-351.961 201.683 1046.64 230 202 175
411.544 448.39 1265.16 116 148 148
-512.768 309.607 987.167 173 173 170
-622.602 132.074 1041.43 161 158 157
212.514 125.094 991.334 241 225 212
122.945 -84.9727 1087.39 207 188 187
292.436 64.4418 1015.25 227 209 181
218.96 269.169 1150.74 210 206 177
-316.93 241.233 992.345 248 237 192
425.264 477.37 1327.89 229 247 245
-252.632 330.111 1085.05 157 150 138
216.114 -166.611 1237.99 72 89 80
167.549 -124.879 1135.09 185 117 102
117.276 70.8997 1055.84 240 231 236
-589.143 209.917 980.377 130 111 96
-380.166 41.4023 1237.75 124 139 136
307.723 -144.691 1125.22 65 103 96
233.218 249.401 1150.88 139 123 105
-457.821 319.692 1139.48 236 232 228
293.888 -117.262 1004.71 135 135 140
-656.295 455.442 1243.27 241 241 240
237.623 387.251 1265.23 180 189 176
-388.812 173.699 1033.75 255 228 192
130.082 164.176 1020.63 177 165 168
-404.143 229.725 1006.31 176 148 125
203.975 -118.07 1095.55 179 139 123
-366.643 60.073 1244.23 147 144 135
-569.097 386.867 1064.8 249 247 247
205.921 172.678 1049.03 97 83 83
254.105 239.482 1178.43 231 220 196
-504.061 154.75 934.169 228 213 205
236.197 0.56611 1026.2 183 159 147
346.062 6.29713 944.969 204 231 223
238.57 -91.476 1081.95 128 165 147
-390.931 43.7513 1025.24 128 102 78
277.944 83.3968 1097.71 151 127 101
428.525 290.303 1176.58 78 85 59
388.486 366.96 1203.65 131 164 169
232.185 233.782 1104.67 174 173 135
213.423 147.875 1094.38 205 184 192
402.89 298.971 1182.17 136 134 110
-442.065 102.756 840.552 252 228 207
356.395 382.45 1244.2 135 171 171
-652.56 206.132 1046.43 233 236 238
-544.891 115.699 952.241 199 123 106
-328.716 317.976 1239.9 103 85 84
