-56.5975 48.6788 1187.98 255 247 216
-49.9831 523.392 1247.83 26 32 37
-98.5318 459.618 1233.25 222 226 226
263.41 438.17 1881.93 217 237 239
-89.637 455.98 1176.87 228 205 180
-66.7186 507.576 1353.03 206 209 204
123.157 275.376 1820.58 249 253 234
44.8089 203.307 1441.91 26 20 19
-75.2126 557.228 1265 181 180 174
270.623 365.647 1869.22 63 78 86
-19.3106 63.789 1254.27 111 71 49
-200.683 120.853 1131.79 172 148 134
-25.5185 57.5357 1252.48 123 48 44
-64.4622 436.586 1268.17 83 55 42
-132.65 232.43 1106.77 30 22 16
-81.2525 526.531 1185.49 237 231 220
-94.9952 273.206 1117.7 244 237 212
-119.258 173.002 1060.81 229 192 182
-62.3995 40.72 1305.23 230 190 184
-61.4569 423.057 1211.8 89 60 49
-89.5992 513.377 1238.17 175 168 160
-59.1113 419.213 1240.26 235 208 193
-40.7529 521.086 1249.82 96 104 119
-237.832 108.917 1121.12 185 150 136
269.958 476.455 2003 68 91 106
-23.6789 220.512 1293.9 255 246 217
-67.9201 357.912 1179.1 110 105 107
-185.443 171.643 1164.39 190 170 163
-42.8777 418.677 1304.85 251 247 229
-33.0337 177.018 1175.29 110 64 43
-30.085 194.449 1290.13 169 124 100
243.721 -3.10262 1604.8 168 143 138
-129.232 112.253 1055.19 231 182 156
-28.4875 13.7546 1334.75 75 64 38
-62.2324 509.665 1244.38 137 113 107
278.166 448.554 1886.73 62 85 91
-92.5975 500.588 1236.83 98 93 91
-121.886 266.788 1161.13 118 111 99
277.885 98.5361 1717.35 254 246 245
282.998 81.5794 1808.07 117 110 106
-28.5505 256.431 1236.41 255 247 229
-126.901 149.999 1103.18 198 120 98
324.166 313.148 1974.31 103 98 90
340.815 123.47 2053.64 252 249 250
-132.56 118.756 1090.71 106 38 19
19.1999 278.178 1373.61 109 83 77
-14.0049 256.684 1299.19 255 251 240
-23.6312 275.806 1298.59 96 73 63
381.857 91.5452 2328.51 249 246 243
173.529 274.717 1732.26 43 55 46
-78.0805 444.895 1178.59 233 226 216
-129.18 101.795 1054.6 255 237 218
-65.2783 500.003 1243.19 158 158 153
241.189 47.2474 1700.54 247 218 201
-59.1329 447.326 1241.85 193 190 187
289.264 55.7992 1710.15 255 249 233
276.886 58.4453 1666.3 146 128 120
-30.0905 181.484 1288.98 255 237 216
238.285 81.838 1496.66 179 158 154
141.612 -97.2593 1561.32 85 87 84
284.757 122.452 1818.1 130 116 113
308.276 32.2598 1799.91 255 250 225
-104.348 530.091 1180.21 152 145 133
-10.772 263.333 1300.48 197 186 186
-56.7856 363.752 1203.31 255 250 247
-68.1292 340.963 1233.28 252 237 215
-113.954 44.0426 1256.32 200 192 193
222.793 -6.72714 1471.35 130 110 102
-67.4975 474.901 1214.34 125 128 117
-37.8789 32.6321 1248.04 114 100 74
271.786 57.5866 1892.21 222 192 186
-119.399 238.162 1147.57 194 154 142
-94.8046 206.355 1113.91 140 113 109
281.759 -19.8997 1692.6 234 224 218
335.531 114.309 1944.55 138 119 112
342.864 510.948 2264.74 150 170 171
-95.6744 57.2639 1152.69 115 76 60
-95.9885 140.32 1158.74 165 148 151
-17.1775 292.375 1301.44 148 141 122
-19.6432 63.1495 1409.99 186 98 69
-28.5572 244.048 1235.49 248 244 224
-118.775 128.29 1103.67 251 246 235
14.2293 525.632 1374.51 109 107 107
195.82 50.8289 1902.59 28 9 4
-147.958 192.895 1122.32 91 46 34
-91.9906 322.767 1193.86 148 97 77
-120.591 143.442 1126.42 144 108 96
208.775 101.036 1533.09 132 125 116
-115.762 121.432 1034.07 93 81 76
-38.2308 559.994 1346.81 28 26 46
285.579 66.0382 1810.25 78 46 39
-99.918 441.302 1204.06 228 219 215
-89.7281 357.644 1123.28 185 144 129
-37.8686 216.23 1259.58 232 219 212
-104.33 276.418 1092.36 249 255 249
207.931 381.839 1962.06 58 80 82
-71.8568 389.374 1127.38 149 121 104
177.46 429.541 1862.56 32 40 39
-73.0876 60.3183 1157.95 201 188 165
321.63 1.76408 2031.32 255 251 249
-100.345 242.277 1114.75 241 221 195
403.036 199.309 1955.7 252 253 226
-4.377 234.296 1299.42 138 133 118
-30.0654 207.215 1352.15 248 234 210
-70.3951 296.214 1086.48 174 158 147
242.767 21.2321 1793.93 175 152 145
249.543 27.6011 1662.6 175 138 129
-14.0244 243.633 1298.08 194 171 159
280.076 46.0587 1539 247 234 228
341.175 57.2478 1819.35 171 145 140
-93.0244 52.5923 1059.56 238 196 180
-10.8164 237.248 1298.25 254 253 235
-60.1781 318.867 1218.72 87 71 61
-236.998 290.188 1155.41 88 38 23
-127.128 196.807 1105.97 162 135 114
301.704 191.817 1836.98 186 181 156
-55.0285 379.404 1265.13 174 153 146
-102.072 259.057 1165.33 130 93 66
119.185 -74.096 1750.13 28 16 2
362.23 -43.5241 2033.53 247 224 200
365.954 8.45478 1929.01 255 255 235
-53.4081 316.025 1261.15 213 206 199
-121.295 134.754 1171.37 251 243 232
-82.4191 63.0444 1208.72 202 192 166
-75.9463 336 1125.27 182 183 180
-126.287 185.179 1179.61 246 230 232
302.816 333.132 1868.32 175 186 185
-90.678 189.578 1088.9 166 129 127
-131.554 159.884 1124.67 229 188 173
378.112 123.981 2062.36 251 240 227
-122.688 56.5283 1291.65 111 87 65
-140.936 236.427 1080.81 175 160 139
-99.6838 248.547 987.317 252 251 235
-76.213 175.66 1165.72 250 220 198
339.064 -154.945 1756.25 88 89 81
-73.6447 325.072 1175.92 247 213 199
-103.453 266.108 1041.63 158 128 120
314.018 -155.388 1666.69 179 201 208
-104.15 146.657 1130.29 175 182 173
-102.898 129.049 1227.33 184 190 179
11.4665 137.606 1294.03 255 237 207
-95.4687 413.429 1151.44 152 144 141
191.084 370.138 1963.16 125 139 161
-21.1933 194.658 1203.75 198 149 127
-137 332.465 1185.9 222 217 208
-139.862 89.6858 1096.35 214 194 169
-137.091 87.848 1042.72 134 104 76
275.422 -9.4441 1692.44 202 210 212
179.191 362.806 1899.65 40 50 70
-113.713 343.068 1167.68 237 236 230
-84.7278 163.794 1162.96 253 228 212
363.542 -142.192 2165.4 62 45 41
-17.286 207.787 1294.23 203 163 138
163.221 413.535 1774.52 122 123 119
-55.7375 111.507 1218.87 250 217 216
370.311 127.317 2035.86 176 155 144
-113.692 337.207 1167.35 178 180 172
17.8574 156.608 1436.45 252 226 186
303.761 94.5874 1686.97 166 142 123
-79.0509 169.76 1164.67 211 132 113
-101.563 122.954 1156.21 249 246 239
328.135 -154.539 1777.65 186 190 194
-105.721 228.109 1112.74 189 145 128
155.163 294.191 1543.66 73 98 105
-20.8139 500.33 1229.35 29 37 43
252.106 91.5399 1702.99 110 89 87
197.649 483.811 1876.79 63 82 78
-87.5154 146.336 1161.1 254 244 233
