436.5 70.0675 1135.98 30 37 23
261.655 168.261 1197.44 255 242 239
-257.704 452.284 1181 193 195 187
545.266 229.292 1291.46 249 251 240
312.192 135.67 1148.23 232 208 202
-472.859 51.4186 998.281 196 193 177
381.274 -81.2442 1042.62 253 254 244
-316.97 111.449 983.4 244 233 208
-408.11 210.436 1003.13 103 69 50
191.167 16.6217 1105 255 249 246
388.289 437.78 1186.07 80 90 108
-476.628 219.164 1105.6 247 232 211
-507.586 408.243 1050.48 91 92 77
408.005 475.209 1296.55 54 84 103
-480.958 370.672 1054.92 255 244 231
292.765 168.229 1197.32 238 233 231
376.076 -100.09 1052.73 198 197 202
-494.941 451.634 1140.62 212 212 205
-522.973 456.885 1146.83 86 84 76
512.44 182.909 1217.78 224 227 222
-320.949 102.795 1005.62 255 254 236
452.211 -25.4515 1126.78 251 255 250
343.468 -122.132 1090.75 226 238 231
472.942 131.913 1220.92 93 104 97
277.381 165.018 1195.14 255 245 230
-310.277 114.239 985.49 249 237 229
199.378 -120.243 1139.28 251 233 234
541.811 243.112 1280.08 228 232 218
-327.855 104.967 1003.79 248 232 218
-488.028 419.816 1087.32 191 187 176
304.919 -102.661 1088.37 190 170 157
281.129 101.096 1176.06 255 228 198
534.567 211.819 1264 236 233 232
-450.715 110.516 981.114 132 105 100
-525.579 381.152 1069.9 124 96 103
-436.534 178.196 1034.57 216 200 172
-317.751 151.894 1053.19 229 214 199
-525.335 323.328 1063.71 116 119 116
-422.236 210.291 1072.4 121 87 59
228.413 -117.89 1142.97 244 217 207
-371.967 224.476 1089.43 122 90 72
-525.64 433.381 1183.79 209 196 180
353.311 -123.374 1065.52 215 233 228
164.973 -144.391 1214.65 203 207 206
-438.597 206.354 1066.74 219 197 173
168.291 71.815 1062.94 252 242 238
-342.542 277.782 1049.15 83 61 47
301.168 176.064 1179.77 255 244 225
-455.24 483.441 1128.49 252 250 243
-523.547 442.928 1185.79 199 188 170
324.559 38.6425 1147.12 224 209 201
-511.667 55.5492 1059.4 192 189 186
357.165 446.71 1287.62 91 115 125
280.82 89.4517 1122.37 255 250 223
205.092 177.357 1166.76 229 217 223
-482.772 156.408 1062.22 127 122 119
-423.979 213.232 1041.92 246 226 205
-436.094 238.798 1040.03 207 198 181
435.431 330.49 1283.86 238 242 230
-367.782 134.56 1084.47 123 98 77
-632.044 132.726 1046.13 197 201 200
279.076 26.7896 1073.12 253 253 236
-451.093 382.275 1061.75 228 226 209
-350.999 142.49 1042.9 179 126 93
-465.851 188.418 1056.2 226 207 190
-295.447 246.063 1248.65 199 169 154
-293.209 244.239 1223.88 191 161 144
-280.942 346.661 1147.03 239 220 204
-416.414 73.1317 1018.41 147 64 35
-542.732 523.033 1250.53 50 44 34
358.947 -133.669 1107.82 174 189 184
-493.207 398.455 1146.77 236 255 231
-282.985 390.975 1204.13 232 210 193
190.32 136.316 1114.18 210 195 195
-653.301 231.564 1193.42 94 73 65
313.666 -10.9011 1073.32 220 214 207
436.37 -47.3693 1089.78 246 251 241
-286.042 334.299 1144.5 242 228 214
335.36 149.428 1225.96 226 199 200
-423.281 259.326 1093.77 253 254 248
460.828 -25.5163 1127.34 242 248 234
318.986 115.146 1128.92 252 241 241
-302.864 232.964 1081.98 255 249 235
386.349 537.131 1495.28 101 130 137
197.686 47.8451 1065.14 254 251 249
-504.631 58.1182 987.508 234 232 228
225.222 136.509 1166.49 195 193 202
201.735 153.898 1164.47 236 226 220
338.913 398.009 1274.24 74 103 115
-328.157 273.493 1013.33 189 178 167
-566.442 354.4 1102.4 144 135 137
-307.615 221.525 1079.66 255 255 231
-258.687 311.621 1038.96 120 88 73
306.563 -14.0004 1115.79 232 220 196
-327.75 97.5094 1003.42 247 232 198
-348.51 134.746 1043.17 244 194 164
-317.093 118.811 983.831 242 233 219
1231.83 -143.115 1923.06 79 76 75
-321.337 172.496 1076.17 255 254 245
431.992 468.821 1328.61 231 251 255
-454.619 273.19 1084.17 109 106 95
-447.112 259.988 1085.53 212 192 182
-590.779 118.518 970.107 181 191 181
-298.226 156.228 972.626 253 245 229
439.305 -37.1989 1106.33 233 254 252
342.558 -48.1992 1072.37 182 167 163
-533.301 490.98 1188.1 254 253 244
-451.159 240.299 1082.14 121 110 91
233.275 20.0434 1238.54 212 200 202
-406.924 113.012 1048.07 219 171 164
480.839 94.1731 1190.03 232 245 238
407.157 480.592 1390.84 109 140 151
-386.638 430.04 1089.11 220 233 194
-522.594 550.404 1274.28 29 29 26
444.368 -43.0144 1080.39 226 233 221
306.391 -19.5512 1115.23 243 231 208
-329.691 156.301 1332.48 190 185 177
-299.726 260.501 1113.3 254 239 214
235.875 236.032 1149.86 89 91 73
-357.248 463.01 1151.5 86 80 62
454.31 16.3992 1131.63 251 253 247
216.864 222.993 1079.32 199 204 188
412.626 505.917 1490.29 97 129 140
299.661 151.795 1129.67 107 77 68
366.86 433.325 1451.32 206 245 250
326.839 177.957 1202.23 160 132 123
228.172 33.1102 1111.19 190 184 179
-346.077 339.952 1126.79 204 194 192
405.301 7.92677 1083.01 200 190 172
-293.057 172.024 994.087 242 214 174
220.771 88.923 1114.82 212 172 153
-325.387 197.507 1127.29 136 106 89
177.234 56.292 1022.82 139 103 101
254.249 18.7967 1069.69 219 174 156
-350.836 325.048 1123.96 176 170 168
461.118 -19.9376 1128 231 244 226
219.481 148.073 1166.61 216 204 209
238.432 117.029 1119.35 248 244 239
-347.156 430.876 1222.52 124 90 69
-334.136 128.871 1261.99 151 144 132
189.484 83.0828 1110.12 140 108 116
-416.022 177.058 997.935 144 114 85
-430.456 212.36 1006.37 224 196 181
-404.987 69.9418 953.988 187 156 145
187.108 63.7524 1064.93 231 211 204
230.737 246.053 1198.1 227 224 203
-403.552 106.782 1024.55 197 150 142
-318.509 387.284 1106.41 221 210 197
-359.376 132.61 1017.03 251 241 237
-377.563 240.373 986.618 121 119 110
-336.629 399.002 1165.17 129 101 92
-535.054 600.366 1332.13 185 185 178
254.582 113.463 1168.54 237 221 205
190.024 -77.8214 1054.06 165 155 136
436.452 499.493 1396.07 88 132 156
371.641 273.259 1248.81 229 229 211
-548.585 335.899 1065.6 164 164 164
301.259 -80.9723 1047 157 153 149
335.515 477.403 1380.29 176 208 213
216.807 -117.728 1141.63 245 189 159
366.462 -108.983 1027.81 215 243 233
188.784 86.6372 1157.17 153 130 137
-302.561 349.204 1030.31 198 198 186
480.939 -25.5813 1128.57 248 252 227
-329.485 116.405 953.554 255 246 223
222.568 154.001 1167.52 104 103 107
-340.646 45.1698 997.025 246 233 185
-579.669 428.283 1162.13 254 251 252
314.657 -17.1777 1133.15 138 124 100
238.123 27.9539 1185.52 255 254 248
-299.676 321.662 1291.32 171 151 141
-420.683 62.766 1016.42 104 54 33
441.352 -48.3067 1079.62 238 244 228
243.218 237.24 1121.57 198 192 176
331.68 -30.9869 1116.57 99 104 94
351.371 -42.6928 1097.74 98 95 85
200.222 134.673 1186.44 186 182 181
476.624 20.0851 1183.8 232 241 237
475.921 163.499 1165 226 240 224
-442.462 78.2416 1056.24 84 57 37
-583.517 417.38 1201.76 245 229 221
252.219 98.172 1141.55 233 168 142
481.526 207.908 1171.19 219 231 213
-610.596 161.117 1010.99 231 238 230
384.98 -31.0688 1089.51 175 159 154
-573.907 514.199 1237.23 196 196 187
-319.552 332.741 1055.24 202 195 189
371.798 -101.163 1012.46 139 133 135
382.723 36.1303 1042.91 255 255 228
-456.719 107.394 964.569 136 99 90
208.103 23.9649 1064.63 241 233 232
-575.67 398.599 1159.73 152 144 136
315.597 32.8579 1145.67 150 124 115
-597.106 220.493 1060.53 124 96 85
-356.291 176.103 1090.89 254 243 221
246.755 -143.091 1191.45 221 199 194
-529.945 367.7 1118.15 255 248 251
265.376 26.9008 1071.62 247 240 219
-458.594 171.688 1026.23 253 216 198
205.94 57.6234 1157.11 236 216 222
464.464 19.1799 1132.5 245 254 244
-576.415 264.207 1043.36 245 241 223
258.343 -190.291 1296.47 187 188 181
261.225 -8.34298 1111.44 172 161 143
388.598 -101.876 1113.63 62 58 62
450.87 5.2264 1130.16 215 221 205
-516.406 328.953 1118.74 173 116 105
420.633 38.942 1131.52 241 239 225
-639.089 710.63 1650.11 204 204 207
213.237 129.453 1207.33 182 159 164
-338.867 256.961 1028.29 120 110 102
311.091 383.77 1306.69 91 138 138
-601.299 257.513 1075.79 240 241 222
-592.544 121.265 1014.36 124 132 129
-473.774 264.488 1140.47 97 64 53
503.202 232.516 1224.24 222 234 222
-426.515 523.168 1304.91 197 191 172
204.875 38.055 1131.46 255 253 255
540.792 45.7823 1240.22 237 236 226
346.825 179.904 1185.54 154 114 111
-346.791 198.658 1095.33 189 165 151
296.874 100.628 1223.95 251 230 212
-332.901 294.183 1047.21 210 200 193
-375.468 290.909 1164.91 182 147 129
-496.545 436.186 1051.94 105 104 96
258.968 77.7161 1092.31 241 232 203
-609.976 144.782 1057.67 148 149 148
-345.018 35.138 995.268 245 232 198
465.872 16.3597 1132.42 232 243 220
-393.7 475.078 1177.58 179 170 166
321.185 -35.5391 1052.18 189 186 174
359.268 45.3858 1104.59 238 230 204
-456.899 339.674 1090.07 179 178 175
-373.776 107.706 1033.9 255 245 236
218.492 120.211 1135.77 204 184 165
-351.79 356.198 1157.52 136 123 117
353.972 -93.9136 1028.42 185 186 189
-489.825 312.703 1028.22 171 163 157
455.133 33.2047 1133.54 209 212 201
-426.166 521.711 1293.32 76 70 64
-373.915 115.46 1034.33 220 202 209
-524.899 308.469 1071.23 117 95 78
174.698 -130.789 1183.91 191 184 180
-402.532 52.9017 1021.68 186 148 131
262.076 225.049 1152.18 205 191 174
-564.656 185.029 1033.09 134 120 117
474.997 3.87088 1159.86 192 208 181
336.39 -99.716 988.105 148 181 182
143.562 -103.788 1161.91 57 55 47
-598.694 203.22 1021.03 239 242 242
-526.018 62.639 1006.24 233 223 205
186.748 88.6208 1110.17 210 193 183
-546.967 110.487 975.496 138 144 134
-485.622 345.075 1044.74 178 161 165
327.725 -152.928 1109.01 194 197 194
-420.741 182.408 966.843 168 150 123
346.566 170.977 1184.75 243 228 215
-448.313 512.338 1235.96 90 93 80
304.623 -83.0173 1025.51 184 178 173
-492.724 108.42 933.849 243 199 189
503.903 352.922 1391.89 218 232 230
263.152 124.313 1097.75 221 208 216
296.009 214.721 1182.16 246 238 209
-324.859 136.158 1023.57 219 196 175
321.653 407.472 1309.8 164 201 205
190.431 35.2118 1129.2 255 252 246
408.402 -102.969 1055.22 106 120 106
264.206 107.757 1016.97 219 193 181
337.077 44.7746 1124.52 224 205 185
-330.093 185.713 1037.37 244 235 228
422.897 407.505 1418.73 149 174 177
-343.503 184.007 1065.65 235 228 207
294.745 -176.716 1245.43 123 97 90
-298.912 108.13 1082.08 106 87 76
308.064 375.362 1288.97 105 146 140
-328.868 158.359 994.774 242 223 194
429.815 525.024 1681.22 89 130 130
357.648 -49.8153 1144.31 184 175 161
-530.071 575.835 1340.83 117 114 118
-431.238 283.602 1093.42 158 155 160
-582.794 175.247 983.618 245 234 226
-489.097 145.239 970.139 240 226 224
253.295 120.61 1140.06 254 248 253
145.071 -53.7929 1050.36 159 161 151
146.568 -140.947 1212.08 164 153 133
-492.212 346.718 1078.28 184 184 179
284.251 232.353 1181.92 116 97 92
461.196 362.519 1388.06 217 224 211
424.38 55.408 1181.26 253 253 232
-606.472 182.11 1144.14 204 151 134
-660.781 215.456 1125.3 164 168 169
253.121 -130.839 1175.17 171 170 176
288.356 -181.379 1301.08 150 131 128
159.225 -56.2555 1094.5 142 145 143
128.399 -130.111 1096.84 124 103 82
475.604 -69.7487 1122.98 157 161 143
-505.798 342.236 1072.93 155 146 151
-378.959 420.33 1019.21 194 192 174
-325.246 356.402 1431.06 84 63 57
-608.159 226.166 1068.88 129 106 92
138.618 -138.56 1230.42 166 165 144
-515.893 114.372 925.304 229 219 213
362.169 416.051 1343.02 77 106 124
-528.101 371.639 1081.06 241 212 198
-570.749 305.673 1094.57 133 100 79
185.575 148.57 1063.53 185 178 176
1433.49 -137.196 2164.81 157 144 137
262.886 357.795 1266.19 74 63 53
225.974 176.089 1189.94 213 212 216
416.399 -68.6378 1008.22 221 236 204
368.715 67.4098 1085.55 233 233 213
386.123 276.22 1099.15 131 131 121
-602.2 192.659 1018.28 232 234 237
426.543 383.429 1346.64 162 180 192
-283.543 274.805 1192.59 167 138 123
350.709 59.2697 1057.93 226 225 200
-320.985 30.4315 915.526 166 144 112
-339.845 238.431 1071.26 248 239 219
-494.753 293.818 1071.87 235 222 220
1342.2 -136.298 1871.79 110 109 98
-394.135 213.891 978.775 250 236 219
277.089 256.308 1205.4 215 215 184
-312.349 576.295 1177.79 26 50 38
465.768 443.252 1330.99 157 176 175
304.03 229.483 1205.74 168 173 157
-525.253 124.182 997.215 254 231 220
337.494 94.2168 1203.25 160 132 119
516.57 198.429 1220.25 155 154 152
279.754 -154.801 1193.67 228 171 159
308.031 82.5288 1106.76 163 132 116
-534.711 156.422 996.483 245 217 196
-385.505 144.033 1106.39 195 185 183
-492.327 220.386 1155.14 129 89 64
450.12 -0.430744 1099.49 216 228 196
239.027 188.149 1250.58 57 46 47
-561.702 265.73 1049.91 232 207 183
491.426 135.123 1170.76 242 243 223
-509.779 101.464 890.555 243 231 220
297.063 83.3148 1079.75 252 252 223
364.743 276.413 1195.17 219 208 187
144.446 -152.449 1187.31 70 67 53
-412.87 227.344 1029.36 154 118 101
-366.316 47.8792 912.813 165 127 108
256.768 -177.537 1282.32 63 61 45
163.183 -141.697 1271.89 100 98 96
346.269 179.827 1156.74 204 160 157
-278.126 281.449 1194.86 113 91 68
253.722 -134.28 1109.29 157 130 110
196.346 158.674 1116.63 219 214 214
230.78 -170.839 1279.36 181 162 146
308.994 199.603 1234.78 214 192 160
-483.044 337.292 1044.74 248 254 250
-266.995 352.378 1101.78 249 221 206
276.416 25.6151 1020 149 131 97
161.514 65.173 1019.77 164 140 131
334.256 120.467 1063.33 171 154 141
288.87 375.392 1328.66 156 161 150
-507.058 131.295 930.353 244 232 218
343.85 75.6865 1128.1 252 221 205
361.493 -168.338 1199.55 41 85 78
172.102 88.0224 1083.32 195 174 160
-350.458 163.571 1028.7 239 209 194
-518.016 166.452 990.068 228 197 177
380.51 416.126 1382.41 137 169 172
-576.564 288.144 1089.99 242 222 196
320.65 55.3143 981.247 229 222 195
280.783 216.942 1132.06 158 155 140
-625.676 130.918 1074.29 132 132 131
-392.867 143.209 1030.17 248 205 173
-402.819 55.3143 1019.04 249 213 190
-376.109 180.673 1111.37 250 219 213
-602.109 115.511 964.998 102 93 80
199.859 30.3898 1107.31 191 193 197
1132.19 -118.225 1590.83 101 100 89
343.507 243.457 1118.36 251 252 234
182.41 112.067 1067.66 86 61 55
-487.775 332.252 1129.85 190 186 186
330.615 474.773 1407.83 104 138 138
430.103 439.514 1295.54 240 254 255
234.022 160.524 1142.04 234 238 239
-519.694 119.238 917.47 196 190 183
345.573 162.224 1154.64 225 193 179
-372.209 272.081 1112.14 234 238 233
397.172 561.247 1583.26 74 104 137
-540.676 346.08 1111.5 229 213 205
-353.138 77.4359 882.811 166 94 59
-366.193 204.593 1042.19 195 166 143
