-48.2827 426.636 1133.92 255 247 248
-81.4737 436 1154.94 255 249 231
-45.8858 42.4196 1272.12 255 247 238
59.1852 195.017 1444.18 43 39 30
361.883 76.1626 2141.13 68 59 56
249.457 378.012 1673.56 232 252 255
290.661 60.6686 1776.61 254 245 242
-127.277 222.395 1107.17 21 10 10
-95.0191 271.206 1117.17 76 64 50
-73.4043 445.06 1209.81 248 247 240
-180.483 459.514 1104.42 177 180 170
414.823 82.5961 2397.37 253 247 242
314.516 105.229 1786.23 248 245 244
287.692 -45.9364 1658.35 255 246 241
-56.0803 418.095 1240.21 90 75 71
-72.5492 417.715 1107.25 114 91 75
-48.4765 27.8984 1136.1 209 202 203
-13.5605 192.034 1119.45 136 76 59
-65.2387 50.1108 1133.81 255 244 225
-186.734 523.018 1243.08 217 214 211
-1.11804 255.827 1301.93 90 92 91
-119.135 136.656 1058.66 139 49 38
286.663 -118.387 1754.83 189 192 191
-95.4899 494.375 1124.32 142 141 136
167.475 299.296 2072.66 223 225 210
-10.2839 190.784 1235.28 107 69 41
-44.4492 480.444 1165.83 166 168 159
-90.5947 269.4 1138.15 231 223 201
306.649 268.418 1756.21 64 62 54
271.296 -13.1458 1658.37 179 153 145
-103.344 326.611 1117.95 85 76 76
-23.7292 186.662 1290.87 129 83 62
300.099 85.966 1711.57 254 248 244
-73.6911 338.052 1176.15 130 123 123
-51.0531 341.548 1130.15 141 133 127
-13.3184 487.806 1226.48 216 220 221
-171.987 151.066 1114.58 169 151 144
-16.3204 255.514 1238.88 97 82 65
-73.3566 460.792 1129.25 204 191 179
-34.6449 391.683 1243.61 227 225 208
-3.4495 241.36 1268.43 252 255 254
-109.119 213.776 1064.86 100 84 72
-195.59 518.577 1240.35 40 39 30
-59.6411 339.229 1260.48 244 226 211
286.964 105.555 1720.52 106 101 103
273 334.77 1762.47 100 135 134
265.429 10.1436 1796.83 203 174 159
-56.3237 324.498 1179.31 147 136 128
-82.2087 392.39 1079.4 255 254 254
-33.0581 169.644 1174.64 255 244 230
-84.245 347.638 1123.16 148 134 135
-81.6518 454.422 1127.29 46 30 24
-140.002 233.038 1125.63 206 197 175
23.5212 484.768 1311.46 106 102 99
-6.24579 217.814 1207.84 166 146 128
-124.046 89.366 1054.91 253 247 224
-115.078 102.61 995.384 147 67 45
-112.824 116.723 1078.68 155 132 118
-50.881 419.739 1205.6 255 249 247
-53.0565 467.9 1163.24 126 111 95
-33.1537 35.282 1192.06 255 245 229
288.538 -7.10454 1695.32 234 219 219
-56.4071 466.875 1185.86 175 178 177
-44.9489 350.993 1204.87 138 118 110
313.354 -46.0168 1663.4 227 210 190
-84.3927 440.241 1126.36 135 130 127
-120.664 113.831 1076.84 226 162 140
-27.1213 179.596 1221.85 255 238 227
-114.078 157.916 1060.92 249 252 245
-236.736 285.211 1186.36 61 11 6
-19.4888 165.776 1231.3 255 238 218
-12.6008 208.501 1287.84 241 207 184
-87.4541 383.736 1077.61 204 184 179
245.815 -104.749 1550.18 15 15 12
-47.5992 304.326 1180.12 230 202 200
-120.563 177.444 1180.48 228 191 186
323.82 -34.1603 1799.95 248 242 243
-116.014 94.9202 991.9 215 130 110
341.051 41.6519 1714.83 145 138 131
299.411 37.2998 1540.36 255 245 237
-105.828 251.146 1113.67 239 234 216
-33.0822 27.2293 1163.71 254 221 203
-18.189 241.31 1206.4 250 241 223
-102.328 225.67 1024.15 120 112 94
-135.078 177.862 1102.82 79 37 29
-16.0347 228.158 1264.99 175 128 117
-42.8905 377.857 1301.71 141 118 116
-86.6336 193.636 1114.77 170 134 117
320.8 466.922 2010.6 133 158 154
-52.5125 400.795 1211.4 200 179 171
-86.6484 199.206 1115.09 130 95 75
-84.13 379.794 1092.65 146 142 140
-89.5711 121.881 1022.1 153 140 145
331.472 46.373 1815.85 244 236 220
292.207 83.7848 1628.91 254 247 241
-33.0615 157.9 1173.81 254 232 223
-73.228 345.615 1125.51 255 241 235
-73.2804 387.909 1127.18 161 155 154
-66.77 185.46 1139.67 214 194 179
-62.1911 363.827 1081.05 158 136 132
-24.2405 473.68 1169.98 139 150 151
373.388 -180.1 1833.33 205 220 219
1174.26 -453.929 2385.13 91 92 89
-63.0777 302.026 1160.64 170 127 117
-10.8543 680.919 1398.07 228 253 248
-67.6464 168.404 1167.03 254 220 210
-116.728 176.339 1061.3 209 177 168
-85.6705 49.3048 1181.47 203 177 161
-102.342 230.752 1024.35 189 168 151
-44.0076 275.354 1121.92 255 251 243
288.318 389.893 1774.72 152 171 172
-119.463 184.745 1095.12 179 166 165
203.022 7.20876 1327.73 211 184 186
-111.687 208.369 1064.03 221 216 221
-22.4918 134.334 1038.07 255 239 222
20.2264 117.623 1235.56 251 194 167
404.564 111.897 2066.9 255 244 231
427.273 187.827 1956 255 255 233
-62.095 303.42 1176.86 104 116 99
-15.9993 1.89313 1278.06 126 95 70
331.07 21.2339 1780.87 252 238 219
-231.338 303.562 1189.09 78 23 13
244.895 30.9176 1611.57 225 160 137
-84.142 294.211 1120.75 188 151 127
-92.1787 229.617 1115.57 255 230 209
-60.1476 350.664 1054 249 209 188
-89.6736 319.108 1120.69 183 188 182
282.067 42.1077 1829.32 198 163 155
295.026 12.911 1593.34 232 211 180
-66.5586 57.3707 1225.99 252 223 203
-51.8416 359.906 1097.14 249 230 217
-78.0557 431.091 1176.21 230 232 230
-148.552 210.268 1101.49 109 65 49
-93.9105 107.368 1052.34 253 251 247
363.62 -179.209 1778.74 192 210 207
-62.1426 347.773 1179.26 175 150 151
-99.4866 36.8385 1077.94 109 84 62
345.912 51.4827 1757.71 218 195 181
-220.366 91.287 1076.67 150 132 118
-79.3248 275.935 1171.36 132 101 90
389.104 -49.2547 1784.16 141 141 118
-118.052 283.136 1045.55 167 145 141
-78.7281 171.228 1061.74 131 114 111
227.762 371.315 1965.51 71 92 89
-90.5907 460.484 1037.26 73 67 55
378.657 174.926 1846.06 255 255 239
288.354 335.895 1851.66 83 138 135
-126.109 185.877 1078.49 194 166 157
-80.3828 175.057 1069.13 173 152 147
246.531 -23.4651 1522.12 34 12 6
-100.296 218.094 1113.11 174 135 117
-77.6308 111.479 1066.18 245 228 223
-88.9346 26.3512 1079.65 157 150 156
-163.577 417.985 1214.14 52 24 25
362.983 311.07 1985.58 240 245 243
-56.1408 145.48 1167.95 254 254 254
411.304 28.6659 2149.71 196 160 140
12.8351 227.92 1335.73 186 164 149
398.776 -56.0949 2039.74 235 217 199
371.509 -2.83345 1814.12 255 253 220
-47.5193 157.435 1170.67 191 139 126
-79.515 96.7743 1022.87 174 166 166
-89.4837 240.892 1116.79 233 205 177
-92.4511 29.4131 1260.09 32 51 64
327.902 389.427 1866.59 171 188 187
-78.4168 97.2355 1054.65 245 248 239
-72.8426 372.701 1152.93 190 142 142
251.44 64.1464 1699.09 114 89 88
-83.8259 120.143 1085.05 204 179 180
14.7019 114.385 1172.13 253 212 193
-90.5957 320.93 1112.81 252 250 248
353.755 195.981 1963.8 206 200 176
-75.868 491.96 1156.29 87 72 62
394.527 -5.27271 1896.59 182 179 149
-34.4371 90.1393 1142.38 255 242 224
167.413 310.607 1645.68 67 78 88
-110.412 199.95 1082.45 201 195 200
