308.65 424.528 1996.57 4 23 32
65.8924 -61.4602 1848.03 15 11 7
13.2139 7.38725 1171 242 222 212
301.969 -75.2646 1598.82 244 232 219
-51.3415 82.9306 1069.48 255 237 217
50.4134 21.1925 1207.7 166 76 55
13.633 -4.05843 1222.78 230 219 209
46.3832 16.1431 1264.15 115 69 62
-61.9263 204.391 1170.02 36 4 3
-10.8761 419.967 1189.66 56 29 22
-54.2966 58.9141 1025.54 255 243 225
-16.4086 420.21 1220.17 128 116 117
3.8395 370.631 1096.37 17 17 18
-9.74621 517.559 1254.66 213 212 211
16.6146 454.952 1177.28 140 143 133
9.88019 421.595 1194.23 235 234 226
326.305 -57.1554 1779.11 121 95 90
-22.2612 424.976 1247.34 253 253 251
-89.5777 300.777 1119.29 181 174 162
305.008 20.8926 1704.13 249 223 222
329.656 2.19884 1806.74 239 221 204
11.937 427.583 1254.91 187 188 185
72.8131 468.878 1318.37 44 46 45
8.72132 389.421 1252.09 105 80 68
-9.33605 412.391 1193.25 228 212 202
2.27923 294.643 1244.73 129 75 70
326.77 -48.4395 1781.38 246 224 217
196.736 -134.758 1653.49 75 78 68
-53.6227 114.511 1116.42 160 84 66
-18.1984 423.729 1191.9 252 239 217
5.24017 287.403 1189.61 251 230 225
-18.1679 453.746 1193.25 66 53 45
42.3437 501.685 1327.43 141 148 158
-59.1921 53.5658 1066.16 122 97 75
-46.0719 85.6685 1070.69 108 86 72
4.94375 453.062 1227.29 135 136 139
-36.5724 95.1577 1030.88 86 77 70
-14.4337 471.194 1142.59 221 220 207
-102.621 121.864 1106.28 173 157 148
295.483 -35.9501 1605.64 107 91 85
3.56263 428.924 1232.05 123 112 101
-45.4064 218.614 1124.46 90 68 57
-0.588701 20.9934 1197.65 255 250 233
-41.9431 322.16 1203.76 84 63 58
-173.703 553.721 1418.52 140 140 132
-40.7908 93.799 1072.22 224 229 222
8.58023 452.913 1198.81 121 98 82
-46.1152 198.604 1076.96 196 166 151
45.2833 171.284 1244.42 242 225 208
216.602 305.488 1845.01 141 157 165
44.6165 -30.6034 1344.66 101 87 70
211.196 -133.35 1742.91 128 128 112
-46.0813 107.105 1071.94 251 233 217
45.423 196.288 1246.46 133 107 89
-18.2973 330.917 1187.18 118 102 98
-27.1477 386.203 1163.44 235 220 222
-10.2289 489.232 1226.59 92 68 63
26.4917 473.644 1233.36 175 181 178
327.624 74.9064 1785.17 101 80 77
85.7395 73.0626 1301.85 196 174 156
11.2 299.693 1191.57 141 145 134
22.0552 339.233 1170.27 226 215 200
309.833 220.615 1654.85 99 84 67
-18.5658 330.816 1161.22 155 141 139
280.539 49.0963 1599.77 132 114 108
292.716 37.7642 1705.92 49 24 19
232.677 -167.864 1864.78 94 101 92
-16.3058 494.923 1225.64 118 97 76
198.44 359.176 1741.12 28 37 37
249.7 335.187 1964.91 87 118 113
55.6301 -159.676 1825.47 70 68 44
-74.3098 218.668 1192.38 206 182 161
-174.153 278.495 1201.84 69 12 3
16.1182 312.276 1166.97 178 165 158
292.265 -13.2549 1785.35 65 29 18
-31.562 87.0025 1119.16 153 151 156
37.5589 179.442 1302.64 239 228 204
10.5141 377.043 1170.73 244 238 228
-22.262 228.605 1262.8 101 51 31
350.363 56.1692 1819.97 253 237 238
45.593 227.636 1248.93 158 156 148
360.245 358.626 2101.67 98 127 137
10.1255 406.483 1296.38 135 115 109
-0.969557 447.529 1173.15 255 251 246
36.0119 183.488 1243.55 255 242 234
585.521 -258.587 1324.38 83 82 79
49.4417 198.589 1213.81 218 204 192
-20.3875 171.586 1126.85 121 92 73
48.437 177.637 1245.56 170 136 118
335.549 421.755 1995.1 97 122 123
-50.4605 305.169 1178.76 200 213 191
591.999 -257.215 1317.28 113 113 109
-25.8738 296.021 1132.74 122 130 121
274.922 -23.0756 1689.62 161 136 124
38.9927 158.64 1242.13 150 111 86
47.0946 167.568 1274.23 160 123 93
46.2325 202.596 1371.04 170 125 108
-37.5011 511.613 1222.04 153 148 139
57.341 206.306 1309.14 151 129 108
-160.794 65.9873 1112.82 153 132 125
5.74888 455.59 1255.06 253 255 254
47.6783 164.803 1367.17 255 239 217
-116.861 68.2913 1031.37 143 107 98
12.4381 327.296 1184.72 148 119 112
-25.8832 409.477 1117.11 148 135 128
591.11 -263.341 1315.42 111 110 108
334.966 220.735 1735.35 103 81 61
26.1973 71.8995 1232.16 184 151 133
-61.9859 192.602 1073.38 214 188 170
205.628 58.9332 1905.5 48 40 17
314.682 294.629 1820.39 214 237 250
385.809 12.0205 1932.4 255 252 228
-20.3205 236.677 1130.7 255 243 215
-16.3627 155.94 1115.15 236 195 182
56.9157 218.947 1279.11 131 100 96
-176.887 260.194 1199.88 95 35 14
8.02466 317.916 1140.73 178 161 155
74.4256 488.882 1360.2 80 80 78
37.6375 208.105 1191.05 236 225 212
-34.2861 247.352 1128.41 251 236 216
-23.1576 364.51 1114.92 164 153 154
-9.90013 311.325 1088.46 255 243 237
41.5488 146.942 1260.03 193 126 101
384.662 -11.8098 1927.2 239 224 201
-17.8531 408.11 1094.99 136 130 132
374.712 66.2377 1913.51 241 232 228
-44.2047 125.991 1031 255 244 245
329.059 304.354 1824.71 157 178 176
480.687 30.1476 2400.17 255 247 245
271.685 386.961 1981.24 94 121 116
338.984 290.139 1863.55 150 166 174
334.253 317.398 1975.19 118 144 163
-28.8344 15.1107 1114.75 176 153 138
-14.2248 83.5391 1076.77 255 248 244
-21.3448 17.9173 1193.2 170 142 124
367.028 35.9253 1933.97 225 214 211
-36.7839 284.971 1080.58 247 231 235
217.973 -0.143358 1685.82 68 49 30
584.602 -264.717 1322.43 101 100 99
-70.5164 148.135 1088.48 135 86 73
-12.9186 469.863 1251.72 254 255 250
371.794 -198.548 1747.93 184 201 201
-31.4646 318.441 1132.7 115 116 120
217.095 63.4476 1611.92 108 79 55
123.417 -175.527 1635.16 204 199 187
-17.6917 92.8308 1122.33 186 172 162
-33.0168 199.604 1176 195 161 139
-43.0509 145.163 1160.78 176 109 91
518.124 -270.363 2333.52 100 107 100
