-1220.83 -12.4837 1727.62 112 121 111
-442.129 299.007 1073.73 255 254 235
-310.867 469.636 1163.28 145 148 143
-310.867 469.636 1163.28 145 148 143
-261.185 545.909 1229.63 123 162 151
-266.894 560.054 1241.04 235 239 236
-494.967 51.4317 892.194 249 240 224
-535.483 57.1023 942.235 249 253 243
-519.743 63.2251 952.844 254 253 251
-240.059 547.713 1251.46 232 236 230
-455.848 255.287 1034 96 83 80
-369.74 333.178 1091.49 170 189 150
-1369.86 -22.6222 1861.02 89 100 89
104.028 30.8599 884.512 110 80 80
-468.067 55.9002 886.583 249 254 251
-417.138 151.895 964.206 250 239 229
-454.413 80.7065 949.284 253 250 247
-523.662 114.937 965.49 248 249 253
-523.662 114.937 965.49 248 249 253
-409.614 304.786 1044.33 183 200 169
-448.362 102.54 894.388 199 130 102
-558.315 -535.842 1794.64 93 96 91
-342.472 435.033 1140.48 75 80 75
