-760.987 -482.565 1434.69 131 143 136
-461.04 -248.359 759.933 145 143 139
2.74183 87.0654 -329.689 54 54 47
260.886 147.707 -598.504 51 57 38
583.577 -206.19 1432.57 100 84 67
360.401 -192.188 1548.31 76 79 73
553.992 113.141 -1083 101 113 110
769.84 -174.893 1711.63 141 144 128
-953.451 -168.837 1679.14 58 68 68
-1214.97 -169.957 1996.3 104 108 100
522.504 -120.252 1490.41 87 74 74
564.535 -122.305 1537.16 86 74 71
465.17 -13.6736 1534.38 44 37 26
611.505 62.0771 1601.16 213 211 184
611.505 62.0771 1601.16 213 211 184
564.225 133.168 1536.06 168 159 145
16.841 217.664 1174.47 253 234 230
88.082 287.509 1251.4 255 252 239
-52.6491 368.647 1191.1 254 246 232
-104.8 445.29 1339.7 170 160 158
-9.17952 429.037 1233.45 255 253 242
0.341876 427.425 1219.57 58 58 49
156.641 510.458 1425.51 246 240 233
-18.6177 436.439 1208.48 8 11 7
-604.315 -249.524 1282.58 65 68 57
-484.015 -423.672 2336.36 154 127 102
606.098 -267.444 1520.15 167 159 154
606.098 -267.444 1520.15 167 159 154
754.486 -285.509 1621.29 213 228 208
-388.511 -110.58 660.958 31 44 39
491.883 -180.976 1414.19 23 14 3
776.64 -148.292 1688.67 251 255 245
538.206 -58.9395 1535.08 224 201 202
524.165 -14.1462 1535.05 175 166 169
595.664 19.384 1593.59 193 181 156
565.122 226.203 1836.73 33 52 60
606.202 213.09 1708.18 55 91 107
51.0559 176.084 1222.71 109 85 71
57.4105 279.768 1228.74 250 255 245
-43.4523 285.756 1166.11 254 246 234
-43.4523 285.756 1166.11 254 246 234
17.6551 306.64 1226.73 239 244 228
-388.792 -216.715 654.995 144 149 136
628.35 -295.166 1593.16 60 66 59
269.742 193.106 -1181.88 157 137 105
-411.201 -80.4845 518.766 48 59 52
-398.562 -207.334 1319.6 144 123 93
578.032 -195.412 1502.77 153 150 131
539.015 -192.276 1509.31 158 154 142
550.91 -161.6 1509.52 255 252 251
709.576 -112.52 1598.42 254 252 248
547.5 -106.735 1524.69 241 246 234
719.265 -109.73 1663.76 211 215 205
-287.89 -26.8445 473.372 134 137 125
555.233 -52.077 1533.74 233 226 225
704.654 4.00594 1677.63 201 203 196
704.654 4.00594 1677.63 201 203 196
621.472 24.9278 1566.07 253 251 235
561.52 207.345 1768.66 151 178 175
68.3377 271.557 1226.92 253 250 254
-142.712 402.307 1360.48 88 56 42
-30.5397 435.35 1214.69 243 235 219
-547.211 -339.186 992.402 46 50 42
-598.375 -258.136 1111.58 143 149 144
633.346 -325.668 1585.81 89 106 115
633.346 -325.668 1585.81 89 106 115
-874.825 -316.118 1711.39 136 140 134
456.195 -246.782 1551.73 14 9 4
-320.943 -52.7746 388.464 111 130 119
716.196 -177.604 1604.06 125 125 103
530.139 -148.408 1515.11 41 14 9
-1234.43 -172.459 2214.29 223 240 230
567.864 -21.3381 1556.16 247 246 242
567.864 -21.3381 1556.16 247 246 242
88.3089 182.118 1229.95 207 168 138
88.3089 182.118 1229.95 207 168 138
124.934 380.863 1266.3 78 76 73
-3.76783 405.616 1233.87 86 83 80
-583.365 -331.019 989.698 53 57 49
-583.365 -331.019 989.698 53 57 49
630.758 -300.715 1531.1 180 208 202
631.621 -251.04 1534.25 97 76 73
-1130.25 -121.759 1683.84 56 26 19
807.19 46.313 1754.97 151 157 123
117.298 89.638 1259.28 247 243 243
-71.3783 324.953 1172.39 99 70 68
-502.307 -250.249 979.935 79 81 68
-524.146 -227.622 938.169 86 85 77
575.272 -133.387 1490.52 113 88 76
87.0196 160.892 1242.94 249 254 248
155.505 182.282 1319.81 252 254 249
122.179 293.545 1294.78 252 254 243
-547.81 -307.861 974.428 121 136 130
-92.8014 -232.529 887.518 121 121 114
193.08 -339.866 1440.82 55 46 34
-570.916 -246.599 1172.31 101 95 90
463.014 -103.448 1605.85 81 84 56
463.014 -103.448 1605.85 81 84 56
-564.924 -198.905 1126.11 127 139 132
661.256 -270.878 1541.53 94 87 84
-744.08 -249.914 1619.33 82 72 62
40.4411 334.482 1223.94 179 199 157
5.03441 374.835 1219.22 75 60 57
-703.76 -160.706 1531.06 138 123 103
-703.76 -160.706 1531.06 138 123 103
522.397 -59.6963 1619.41 55 42 38
683.155 192.581 1754.19 241 254 250
-168.419 -247.82 965.023 137 136 133
374.614 -207.247 1626.79 69 65 60
449.294 55.3745 1787.58 54 48 41
486.928 -192.237 1492.82 57 48 48
115.985 133.515 1251.95 231 191 170
696.791 -66.7064 1658.45 172 155 140
664.452 17.5337 2212.52 75 72 51
