307.454 -198.237 1078.26 90 84 72
500.203 -147.969 977.964 215 207 201
500.203 -147.969 977.964 215 207 201
490.973 -89.6388 1056.31 210 181 158
554.1 -80.8737 1023.71 167 162 136
-218.956 -49.8759 998.127 146 148 155
360.225 -46.8787 1068.5 178 156 149
536.828 -33.2156 1012.97 172 172 154
-298.418 -9.4788 1030.2 46 31 13
-260.235 -10.6296 981.178 243 222 213
481.729 6.38264 1049 254 248 242
422.835 18.9249 1066.08 169 160 158
-107.177 52.4992 1199.89 93 78 68
510.621 51.3505 1064.4 255 240 236
686.058 64.849 1113.32 220 209 208
565.579 82.3219 1086.16 252 252 249
408.636 89.3359 1061.28 147 142 125
420.699 105.457 1126.1 156 156 142
-93.1479 144.524 1073.42 252 241 215
535.771 167.526 1183.26 165 157 137
578.112 171.459 1130.77 173 163 150
-223.076 165.881 1046.44 107 94 71
571.33 190.716 1105.3 149 163 161
-160.671 221.537 1014.39 172 173 161
661.955 276.478 1247.01 226 252 254
-194.407 275.722 1129.11 255 253 251
-276.509 317.921 1101.65 255 240 224
-147.116 -283.133 892.616 140 137 135
-44.6414 -284.188 992.087 75 69 63
332.311 -189.581 1108.78 13 11 10
501.835 -136.085 1028.42 78 68 66
501.835 -136.085 1028.42 78 68 66
578.028 -54.2386 1028.99 175 181 147
475.189 -34.0615 1033.29 195 179 150
633.043 -29.2978 1133.04 245 242 222
473.36 -20.954 1074.66 253 248 228
-204.363 13.9564 1002.98 253 214 190
-273.381 13.3211 1025.9 227 162 131
381.932 18.0606 1060.75 250 235 231
399.454 53.4119 1136.75 148 131 132
-273.785 50.1172 1002.94 251 222 217
-378.027 66.1122 1014.16 100 99 91
686.853 94.4922 1099 106 104 90
672.515 96.2168 1062.4 202 196 189
-254.042 102.472 1052.13 174 110 104
432.435 136.417 1125.91 109 105 101
578.048 141.046 1176.77 248 249 229
573.204 152.535 1139.7 219 215 197
639.211 198.221 1214.31 243 251 249
606.791 198.46 1188.48 226 231 226
-191.904 200.998 1078.54 255 254 251
668.509 251.49 1263.92 103 123 121
-332.044 214.151 1010.22 173 146 123
-57.1961 265.331 1128.23 255 251 225
682.145 300.067 1260.56 212 234 232
639.808 333.115 1258.74 220 243 250
-186.106 295.894 1082.93 120 113 98
-287.699 306.718 1115.16 211 161 150
-315.183 308.802 1093.2 163 153 150
53.8981 -272.684 777.476 161 164 159
53.8981 -272.684 777.476 161 164 159
543.615 -145.858 988.432 65 63 65
607.835 -132.514 1005.5 244 255 248
606.577 -121.883 1015.83 110 128 113
-195.099 -127.682 1169.89 58 80 77
-195.099 -127.682 1169.89 58 80 77
464.822 -48.3657 1008.45 176 178 148
382.862 -41.1557 1100.27 107 83 80
448.587 -17.001 1068.05 245 236 205
448.587 -17.001 1068.05 245 236 205
-246.501 -5.01894 977.816 180 125 96
-274.538 33.0611 996.063 255 215 193
501.242 56.2671 1104.75 255 248 234
-318.637 50.4626 1016.91 208 112 87
-165.23 54.2427 1037.85 182 110 87
-372.396 59.395 1023.45 254 254 247
-389.476 65.3364 1007.73 248 248 242
-159.039 73.6641 1036.02 200 112 69
-353.59 71.3228 1018.95 157 113 114
-342.087 81.7647 1008.06 250 252 248
426.335 112.617 1111.97 100 86 73
-284.043 105.181 1023.97 202 130 106
-129.925 111.957 1027.59 254 251 244
462.233 132.376 1118.59 197 192 168
-346.91 192.041 1001.67 255 254 237
648.312 269.727 1243.7 159 182 183
-323.013 274.814 1060.92 153 122 121
-323.013 274.814 1060.92 153 122 121
-286.785 393.326 1096.2 96 90 82
452.712 -223.684 1040.78 78 54 45
392.987 -112.753 1012.27 122 118 106
360.485 -110.302 1027.24 129 128 115
389.448 -84.004 1047.35 251 254 253
389.448 -84.004 1047.35 251 254 253
669.568 -83.0586 1100.31 249 255 237
669.568 -83.0586 1100.31 249 255 237
476.383 -25.5292 1054.96 145 106 89
-270.167 -27.066 1026.09 33 15 17
429.685 -20.3501 983.195 191 193 167
455.506 -4.26606 1074.6 152 91 75
-214.428 2.44318 1003.75 98 57 40
-379.17 19.6305 1041.58 220 204 181
-379.17 19.6305 1041.58 220 204 181
-290.856 50.6943 1013.19 211 120 98
-330.371 102.057 990.909 255 247 239
-283.867 256.829 1089.83 143 92 78
582.943 -66.899 1029.67 235 237 214
647.571 -36.6765 1044.67 114 149 114
-266.51 26.3325 1001.31 247 197 181
-266.51 26.3325 1001.31 247 197 181
505.926 42.7051 1083.49 97 69 71
557.796 80.6408 1101.81 175 177 165
502.574 124.356 885.53 119 113 95
-243.313 201.966 1067.42 252 254 245
-335.32 244.283 1071.85 151 96 73
-283.851 307.423 1151.86 123 84 69
25.5442 -77.4856 199.462 152 129 106
551.029 -214.387 909.874 66 118 138
625.231 -53.1634 1142.65 144 145 114
410.29 53.0177 1095.68 253 254 255
-327.723 55.9607 985.67 255 252 250
-236.814 113.086 1036.7 150 86 74
564.809 128.021 1146.34 233 237 213
-228.767 147.282 1065.29 135 78 61
-228.767 147.282 1065.29 135 78 61
-267.176 173.106 1044.11 244 221 204
-303.752 352.17 1166.03 253 252 253
-54.5983 -327.973 1243.86 188 157 131
370.995 -76.2676 1094.43 69 61 54
-192.21 -59.2201 1033 56 96 107
452.349 -55.8692 1029.38 118 90 91
589.534 -19.7048 1039.98 251 252 248
-208.446 183.08 1053.22 143 114 97
-208.446 183.08 1053.22 143 114 97
-28.277 -252.425 777.091 116 87 72
-28.277 -252.425 777.091 116 87 72
393.521 -73.0497 1054.06 210 208 210
645.02 -73.0581 1055.22 237 251 233
-303.207 101.422 1002.61 208 128 116
-87.1329 207.438 1104.87 252 253 242
548.921 229.18 1190.23 163 194 193
-219.212 345.652 1122.68 169 191 148
-170.941 -28.6535 1028.82 253 233 198
-132.632 -7.00917 1140.27 176 165 154
-245.104 12.5572 975.32 224 179 160
531.567 26.5687 1089.57 138 117 116
588.101 -189.095 960.885 128 159 123
504.023 -160.928 921.328 81 80 79
-238.875 -76.1997 1119.7 123 133 133
592.61 256.59 1226.22 197 224 220
-155.013 300.994 1170.86 246 241 249
