-515.245 -76.4008 935.926 98 110 105
-18.053 50.7866 1192.1 255 255 236
324.617 379.137 1834.41 133 161 163
419.248 463.123 2167.95 196 200 202
26.2921 509.715 1351.43 52 54 50
-15.5829 498.113 1231.49 40 60 50
-433.753 -110.407 809.71 40 44 39
-399.547 -85.9823 742.024 144 154 146
-716.349 -110.342 1242 139 154 144
-98.296 41.0309 1224.74 82 48 37
296.019 92.4394 1769.28 96 73 68
-93.0919 72.9609 1098.83 246 233 209
-27.8232 88.234 1254.85 232 199 180
511.131 181.471 2315.05 253 253 239
-102.412 91.1054 1100.31 184 144 129
-89.1065 111.171 1122.66 255 254 241
384.494 222.324 1857.09 166 148 121
285.171 219.924 1724.28 104 93 83
-141.428 152.316 1079.32 198 153 133
-1.44726 220.45 1269.65 250 255 244
-21.7392 219.016 1238.3 255 252 234
40.589 280.017 1328.48 196 151 133
-233.929 284.387 1191.73 62 20 10
-140.848 473.553 1229.97 93 73 63
-27.532 503.314 1229.44 19 19 26
-127.237 11.5653 1351.9 132 122 115
-225.14 107.652 1158.75 80 36 23
344.451 232.697 1771.76 147 124 99
-84.8247 153.216 1110.66 155 130 123
248.586 416.004 1964.36 116 148 146
328.764 415.625 1940.56 243 254 249
57.5633 305.559 1362.66 255 234 212
223.735 483.211 1925.79 63 82 79
-81.5591 422.293 1174.3 252 255 252
-79.8699 454.575 1131.28 48 22 11
-510.404 -78.7429 867.516 122 135 127
-254.936 26.061 1319.11 74 69 66
-56.3486 101.354 1141.71 219 145 130
-22.5515 160.668 1157.39 174 121 107
-32.983 296.911 1134.7 252 254 251
-81.268 316.147 1148.9 164 103 81
54.995 398.429 1401.77 207 160 126
-80.192 373.273 1161.25 246 254 255
19.1658 503.337 1301.8 87 87 84
-75.3965 487.809 1160.75 53 44 44
-200.46 120.302 1087.23 42 25 20
-42.2893 133.354 1125.19 255 251 253
278.899 241.91 1637.4 47 40 30
286.435 282.232 1745.28 224 235 230
358.377 366.329 1948.04 244 255 248
13.0068 244.097 1286.23 255 248 252
-76.5002 253.963 1141.25 243 210 174
-177.349 331.463 1185.47 62 40 29
-63.5958 333.477 1197.23 252 252 242
-84.7863 336.814 1138.11 254 254 254
-94.8481 398.711 1145.88 92 71 63
-59.71 34.2006 1167.53 156 135 135
-220.581 45.1939 1271.79 158 136 117
-116.455 83.655 1078.13 229 218 195
203.635 348.891 1908.67 63 75 95
-319.494 83.9436 1152.73 123 93 68
-147.538 163.971 1086.27 167 119 98
-147.538 163.971 1086.27 167 119 98
-101.917 197.736 1103.89 250 253 253
-216.367 250.493 1174.83 155 92 58
-225.05 58.3688 1150.26 165 141 110
-68.2399 407.275 1162.28 243 249 248
371.74 132.338 1817.84 210 206 188
86.4397 146.406 1414.85 108 103 101
-300.224 157.298 1191.25 75 51 34
-8.41993 567.473 1300.39 90 88 90
101.667 -63.5909 2039.62 56 50 41
311.189 231.251 1984.66 61 49 46
384.894 51.967 1857.41 254 251 249
-325.117 9.85996 1382.48 141 131 113
-236.223 212.311 1204.55 150 99 86
