-29.0011 350.843 1212.61 244 237 220
27.4353 -53.2738 1165.14 255 241 230
16.3279 353.465 1222.95 241 232 231
63.1059 76.6701 1237.8 51 16 14
-74.3741 34.9584 1180.26 234 248 237
-48.8011 27.6878 1063.46 45 46 32
496.389 -241.389 1591.66 188 189 187
-35.0985 339 1240.11 229 231 228
63.0636 70.5565 1237.17 251 232 209
74.4899 -53.0326 1324.19 107 62 49
532.625 39.891 1646.32 243 237 216
74.0358 -42.1464 1205.03 92 54 41
545.627 -186.263 1677.11 255 247 247
-16.6409 361.93 1245.99 87 75 58
129.387 155.643 1317.44 74 67 55
487.518 -168.699 1518.55 200 198 193
29.4227 3.61644 1121.88 88 73 53
-30.5257 40.636 1190.33 87 69 62
142.144 388.108 1409.83 50 46 45
-39.1296 115.721 1166.95 75 41 15
568.822 -111.319 1805.3 255 239 221
84.3481 -46.8085 1285.77 111 7 4
568.044 -30.3652 1718.43 74 69 69
-101.175 460.297 1431.05 157 154 154
-83.8363 19.2379 1077.19 255 217 191
-0.39773 -41.2235 1160.38 255 249 229
36.0659 289.556 1251.93 239 252 230
16.5283 216.366 1187 115 75 61
16.2846 -47.7481 1112.52 218 205 191
-15.6731 411.095 1193.87 197 194 181
-39.1774 182.39 1172.41 242 228 184
-53.6779 240.334 1173.64 86 75 76
-64.8687 409.911 1265.35 180 172 157
72.0786 117.965 1275 129 104 81
82.4526 99.6204 1302.45 156 114 86
518.276 198.252 1678.22 44 66 87
-71.3148 46.291 1035.66 252 225 214
-72.2947 47.2176 995.687 144 31 21
-33.172 94.5248 1135.46 74 47 44
-13.6626 253.195 1238.22 136 122 122
11.1609 313.416 1248.49 103 92 82
370.139 105.049 1948.46 91 86 79
-54.4207 128.425 1137.97 111 84 78
5.10792 358.149 1311.16 39 36 35
-35.1018 332.781 1239.64 255 251 246
-73.8815 77.9947 1130.75 255 238 232
537.491 152.647 2259.6 215 221 211
75.97 109.222 1302.24 255 245 209
417.572 -263.828 1649.53 74 71 69
63.1343 147.84 1303.84 243 230 218
-83.7274 468.469 1437.06 167 166 155
4.78944 229.132 1240.26 247 239 217
529.199 269.259 1751.28 190 229 247
-10.4779 349.764 1246.49 220 217 201
-65.5042 50.2135 1130.95 134 116 107
512.263 -64.5038 1621.46 127 117 120
16.584 273.399 1269.25 254 246 238
505.188 -103.656 1612.05 117 73 64
-121.927 440.626 1423.46 175 168 157
501.094 128.43 1565.32 24 17 11
18.455 337.938 1277.59 224 218 212
-63.7484 47.0616 1124.04 139 115 110
17.0312 405.804 1284.11 109 81 65
505.289 -27.5063 1549.03 250 253 255
15.1558 277.474 1273.61 96 88 86
30.6106 18.097 1172.43 98 117 94
502.244 -142.433 1602.97 243 230 229
-78.5057 132.43 1110.17 67 41 30
543.306 -88.3944 1618.1 255 236 221
-61.9448 71.9004 1021.83 249 232 234
73.1213 167.463 1307.96 85 60 56
13.1043 201.313 1134.77 248 219 210
555.694 -72.1498 1707.05 245 239 241
7.90631 241.641 1242 115 87 69
15.2068 259.67 1369.86 129 85 65
7.89304 235.429 1241.48 223 175 150
580.335 -38.6868 1716.97 227 223 217
63.4339 128.777 1243.08 147 120 106
69.2064 58.3506 1237.09 118 71 47
85.5269 147.64 1249.17 151 133 124
556.829 -170.15 1599.75 255 249 223
16.2293 319.585 1219.47 252 244 232
534.479 230.513 2001.01 38 64 66
-80.2502 409.668 1260.63 54 51 48
495.639 -153.362 1492.51 255 250 246
460.591 30.6921 1433.83 102 92 67
7.92828 -47.002 1192.02 245 219 205
-62.1371 135.578 1163.51 200 186 186
610.551 -92.1611 1724.21 236 222 218
-4.14102 212.708 1182.39 134 104 87
-33.3769 191.294 1174.4 255 235 207
83.7483 -56.7126 1263.03 164 73 38
50.8134 104.021 1238.16 251 214 198
65.848 155.692 1276.49 236 214 203
569.559 -170.426 1704.62 249 246 244
65.4232 405.72 1294.44 245 249 250
522.575 -142.774 1604.24 255 252 251
653.902 -79.7951 1834.88 239 223 213
-30.466 267.671 1180.88 104 105 97
431.865 -292.528 1665.15 185 134 125
503.728 -68.3722 1619.95 236 227 230
594.354 -191.421 1702.95 241 214 190
82.3247 141.38 1247.95 235 231 228
526.166 -44.7457 1626.95 243 232 232
78.4366 395.255 1356.42 89 78 68
27.2734 260.042 1228.4 135 112 107
23.2945 201.954 1241.79 255 251 247
-115.039 448.359 1426.12 165 160 148
485.282 -95.6346 1612.39 221 177 157
14.2548 307.308 1248.69 203 184 170
-12.9323 224.199 1181.41 194 142 111
-57.3393 72.1906 1085.69 39 17 27
57.2585 150.354 1161.93 152 129 128
-15.8284 268.282 1184.15 249 255 243
-65.1942 168.842 1219.32 184 189 168
495.311 -57.6996 1542.11 249 242 242
-18.6528 378.111 1191.06 178 170 152
95.8703 413.842 1362.19 212 232 238
556.423 -63.8498 1709.23 237 231 232
-64.9001 154.604 1114.94 94 85 67
-36.8125 440.981 1275.32 156 140 127
597.07 212.551 1876.54 217 248 253
-30.4177 18.3632 1160.36 153 147 142
-127.11 539.045 1702.14 36 31 25
-86.216 7.39188 1099.08 255 243 225
542.725 188.804 1865.96 70 103 95
-7.25536 75.71 1170.18 251 226 217
-28.9935 197.201 1258.94 79 51 41
26.6071 267.295 1248.09 235 199 190
7.27323 383.84 1223.95 142 128 127
25.3239 93.7263 1327.01 137 112 103
-91.9032 88.5781 1103.92 100 62 50
580.358 -79.0464 1723.56 255 252 253
586.595 -116.791 1716.96 245 236 216
352.199 -281.655 1567.17 186 181 167
137.546 180.828 1386.16 254 250 236
546.688 -291.08 1571.41 240 245 248
576.448 -37.2802 1631.95 254 239 233
686.376 -339.284 1785.18 69 86 72
-87.7857 -0.441942 1053.42 175 151 130
-79.1032 92.4134 1156.11 110 46 24
-88.6853 10.4223 1144.03 175 105 73
-52.4254 225.272 1113.15 224 226 223
-48.1625 49.4179 1187.08 145 145 140
514.086 -33.8069 1473.83 154 123 116
522.345 267.459 1883.91 65 82 86
79.097 128.995 1246.12 174 145 129
-62.7305 128.283 1087.57 154 122 106
-90.6139 143.681 1157.66 190 165 150
495.961 -116.697 1691.78 64 34 24
31.1689 152.003 1184.63 157 134 116
132.859 6.6237 1306.75 255 234 200
63.1652 85.8338 1238.73 254 238 226
-31.8975 229.809 1164.91 239 230 218
-84.9494 143.778 1158.99 186 153 136
79.8157 180.652 1310.68 136 125 110
-28.9819 240.248 1233.74 148 83 67
-31.8061 219.546 1126.78 115 69 47
-24.6245 28.9589 1190.77 255 251 245
-23.2339 212.207 1163.01 201 143 114
530.354 190.91 1722.43 123 152 169
-167.238 0.370027 1127.7 156 132 115
117.403 -99.0601 1228.31 255 248 227
4.85833 263.223 1243.14 187 169 163
495.66 178.488 1762.41 68 102 105
120.816 3.44141 1298.35 255 241 203
-4.80943 417.07 1224.45 229 228 224
-44.9269 147.413 1168.32 254 239 206
-22.8764 228.151 1234.09 255 231 206
-7.03506 242.097 1184.04 254 248 239
636.003 41.9972 1740.44 255 253 228
467.252 -118.655 1605.72 153 134 127
612.836 -45.8028 1952.19 58 42 44
129.548 168.782 1318.92 155 128 97
41.0657 323.786 1316.23 232 226 199
-39.3984 217.49 1199.5 250 240 215
38.1221 46.6831 1204.82 145 142 142
512.947 -137.189 1589.21 237 228 232
-53.6165 187.818 1169.64 248 247 224
-37.1068 239.862 1323.85 145 62 45
629.247 -92.953 1829.58 255 242 241
4.22599 -15.2454 1115.59 225 140 118
51.2393 384.019 1323.5 215 212 185
87.5398 353.562 1306.73 244 243 222
592.864 -84.8074 1621.63 143 134 128
72.6038 96.33 1300.16 253 237 214
-20.8875 323.872 1302.34 184 175 171
506.663 3.90011 1468.1 236 232 201
77.3201 292.42 1321.1 222 220 201
159.405 75.0138 1490.69 181 165 152
-50.4701 31.8866 1067.98 113 101 98
-9.20903 105.894 1237.8 183 144 116
-4.37748 109.594 1321.72 172 131 92
27.7754 203.489 1270.9 182 159 150
8.09332 55.4699 1199.38 244 244 239
242.465 110.248 856.981 81 124 131
-81.2758 99.2011 1204.91 184 160 141
548.942 -220.26 1511.27 187 171 160
139.761 64.4995 1348.01 251 252 250
679.86 41.7745 1742.14 254 254 232
557.138 -185.808 1411.27 169 175 156
661.392 -175.238 1712.08 240 241 208
-9.63591 25.7963 1116.36 255 250 248
-15.3192 280.862 1226.55 189 132 126
50.3579 24.8883 1230.07 167 152 148
588.599 -131.397 1610.3 255 251 221
-31.6552 -49.7703 1105.86 108 89 74
70.594 282.211 1318.73 159 170 151
68.2167 28.4741 1422.16 195 173 167
625.761 -166.488 1603.24 160 166 137
350.387 -250.003 1566.51 204 196 188
120.952 13.0019 1299.55 255 243 238
109.035 122.572 1310.07 178 163 145
7.22408 21.0346 1168.2 255 222 216
-8.42752 413.88 1279.16 97 87 73
664.763 -215.157 1673.08 237 243 226
-35.0704 215.436 1230.26 255 223 210
170.492 136.689 1387.12 255 246 228
-69.5879 127.773 1131.02 209 212 209
-15.2597 311.184 1113.7 255 249 236
-163.735 180.69 1253.71 77 24 3
118.87 18.4764 1241.84 244 177 158
-118.57 58.8958 1095.55 140 119 109
590.459 -164.444 1488.57 191 195 177
-21.7766 61.2225 1165.93 254 227 211
682.635 -184.116 1711.99 247 250 233
573.879 31.3685 1647.49 238 228 201
-69.5131 91.9733 1021.58 181 168 167
-39.0741 61.1569 1162.3 161 172 175
-47.5947 232.86 1072.61 159 140 140
53.9629 442.747 1395.98 239 241 245
-9.65141 12.1371 1115.21 255 248 218
-47.8373 176.339 1170.04 166 148 120
-2.88568 291.523 1172.67 209 167 155
510.71 342.035 1900.32 70 84 81
136.524 23.8151 1377.12 254 218 194
-191.858 23.5731 1174.78 94 39 17
64.7988 588.409 1459.13 68 97 83
656.749 -251.341 1663.46 196 212 193
379.22 -231.873 1669.46 41 43 22
92.1367 182.045 1253.75 185 188 181
-68.1053 107.635 1054.23 250 255 253
140.225 50.9816 1379.57 255 242 223
433.17 -39.2552 1414.58 123 103 107
73.74 266.039 1257.71 228 225 214
153.778 -5.08155 1405.55 235 215 197
-36.4969 63.06 1231.65 254 233 237
-46.8098 261.743 1199.6 158 160 161
-79.3576 172.689 1162.56 220 174 149
-68.8119 85.3608 945.692 139 115 115
424.343 149.847 1521.94 74 112 114
-70.6636 121.091 1160.4 199 201 199
-112.729 64.0376 1145.91 101 65 58
512.345 -27.7224 1724.97 135 130 121
76.742 -94.9914 1201.29 103 85 76
600.074 304.007 1900.07 154 180 183
21.1984 61.7458 1125.21 222 147 128
638.772 250.847 1889.51 164 183 178
-43.1966 156.717 1142.02 206 180 147
100.399 536.539 1376.49 132 163 151
-14.644 84.9187 1050.45 183 147 115
-46.0902 170.864 1152.61 170 126 90
514.993 -300.496 1646.81 111 100 98
776.116 -206.828 1925.29 255 255 245
113.878 101.296 1265.76 185 147 123
516.843 128.301 1565.98 117 115 93
-59.7807 -2.74938 1180.95 240 197 183
399.52 169.377 1527.72 47 68 75
472.443 -105.948 1530.42 190 143 144
103.093 216.452 1543.17 246 215 202
-20.5428 49.6783 1160.44 201 157 149
563.122 223.768 1687.72 162 178 175
545.314 231.042 1665.96 185 211 216
422.254 212.389 1541.11 91 118 116
160.708 98.3605 1354.79 255 238 216
