41.7231 -40.8997 1321.07 255 244 235
-15.3513 366.325 1190.85 255 245 217
471.444 -221.276 1785.68 221 220 214
436.147 321.043 1785.73 83 114 121
24.3121 385.651 1256.53 255 249 249
467.602 252.473 1819.79 74 103 115
-56.5581 40.6361 1065.51 248 160 134
262.302 144.608 1921 9 5 2
-4.28894 441.8 1225.94 255 251 238
-44.4484 43.9278 1044.59 58 31 18
-57.0782 31.8863 1085.93 255 199 162
-3.7706 383.725 1250.39 107 87 70
-20.2677 332.916 1136.62 182 175 171
-21.3921 198.886 1178.93 252 243 211
-22.3637 354.312 1244.44 254 248 244
460.073 -140.172 1685.64 255 236 235
17.1992 -27.4561 1197.75 255 241 227
121.528 425.469 1408.78 101 100 99
485.555 -65.2093 1920.71 252 236 227
-35.9478 260.451 1180 85 63 64
17.6402 250.041 1245.72 255 251 238
21.0364 338.125 1252.79 121 105 99
69.1044 90.4572 1274.08 243 221 200
42.5328 25.2285 1153.41 88 53 50
69.7015 100.301 1301.98 99 61 42
-33.1107 153.1 1198.64 125 83 73
-60.1565 20.5028 1152.84 255 245 225
-3.79272 371.227 1249.6 255 248 233
-26.0402 61.5239 1118.36 95 101 101
14.9209 385.006 1254.5 70 62 59
-45.4071 150.616 1120.58 98 68 60
76.051 446.701 1361.67 243 248 248
42.864 311.144 1255.42 241 240 224
517.729 -0.505129 1837.2 249 243 236
90.0959 176.042 1313.64 113 114 106
52.8196 26.9099 1266.22 139 107 101
450.564 -110.038 1703.98 203 178 172
520.262 -121.213 1869.2 223 221 223
-14.9037 295.09 1227.4 151 127 122
-132.056 473.999 1425.15 175 173 155
33.3392 282.277 1251.39 77 52 48
-15.4871 249.588 1183.66 100 50 31
-42.3751 65.3736 1231.14 164 132 119
555.024 -120.805 2012.49 130 113 101
-42.0503 87.8569 1061.43 250 230 223
-61.0917 154.162 1137.7 52 37 26
-9.99652 367.673 1248.02 163 154 151
26.9765 360.063 1281.64 221 209 200
67.0362 148.857 1247.29 152 132 119
136.058 195.299 1460.22 122 102 92
51.1034 98.7167 1239.68 241 228 210
397.909 156.586 1497.51 41 40 31
-118.26 485.928 1430.02 173 172 165
39.1602 21.7014 1099.19 147 110 101
-101.387 77.7981 1152.36 175 143 137
-9.89234 443.554 1252.13 84 70 44
446.872 75.3446 1647.45 161 151 127
70.3993 188.51 1310.97 156 148 138
1184.19 -441.832 1742.34 33 37 36
588.428 421.142 2335.52 83 109 107
509.31 -135.073 1808.88 249 251 248
-13.7727 434.999 1312.79 74 54 41
387.631 -246.107 1875.76 93 98 93
-54.7511 69.6971 1043.71 215 127 98
436.251 314.176 1838.21 89 123 139
69.7808 110.048 1303.01 243 209 197
558.843 -282.075 1782.57 207 233 238
-7.04031 283.29 1242.92 249 243 238
465.903 233.501 1813.6 228 255 255
452.02 8.335 1829.48 167 154 137
76.5006 129.741 1306.35 248 209 181
19.7135 303.748 1341.84 154 131 130
398.851 196.812 2236.42 217 216 201
-111.317 490.002 1432.31 49 50 42
489.988 -140.406 1687.9 239 222 201
86.6087 156.187 1310.99 161 140 113
25.5387 437.99 1321.78 113 82 71
567.479 -59.3955 1893.65 178 164 162
19.3276 70.5061 1177.28 240 255 238
503.25 -5.01179 1834.34 255 250 251
73.049 181.663 1345.59 255 253 232
502.253 252.34 1982.49 103 134 148
24.1218 325.764 1252.58 253 243 227
482.043 -25.9485 1629.6 250 233 213
57.4693 120.609 1242.91 247 218 196
-30.0109 466.958 1281.83 143 131 122
92.5474 174.051 1377.8 219 213 210
-153.705 18.7259 1135.58 174 152 141
7.66077 90.7531 1176.64 251 223 207
48.0947 347.716 1344.82 214 208 182
-44.9401 182.648 1197.65 116 98 81
-15.5151 225.731 1182.06 255 239 212
20.9043 297.324 1249.89 160 144 138
56.3887 64.4545 1295.6 144 126 123
-53.6284 105.689 1115.84 123 53 29
480.98 -63.8072 1819.7 218 202 194
12.3762 437.007 1318.81 255 250 246
-20.2511 129.832 1146.91 154 125 119
-35.6869 244.886 1120.37 220 219 214
63.6796 82.9248 1204.09 161 95 65
21.8113 123.229 1311.08 145 108 96
542.659 -54.9091 1829.64 233 217 205
-0.673621 464.689 1317.58 247 239 220
-70.8722 105.913 1135.05 104 51 34
484.002 -48.9057 1709.8 238 221 203
-65.3018 13.4362 1183.27 158 133 110
5.60661 347.055 1310.88 140 91 69
-16.2093 342.178 1245.02 255 252 250
44.7339 598.051 1404.71 166 193 182
337.569 -205.84 1869.41 17 14 3
7.28361 28.5557 1122.37 255 240 227
86.6689 162.763 1311.66 226 217 194
-164.133 213.705 1291.5 89 30 3
453.381 3.89742 1736.37 92 71 69
79.3427 195.924 1283.02 181 158 145
487.842 -72.4912 1715.69 249 226 207
37.7287 600.973 1401.4 88 116 106
437.891 -91.1393 1784 192 166 156
-51.2852 66.6101 1137.14 210 109 80
362.572 -315.654 2087.84 208 211 205
581.241 -0.656007 1960.55 253 227 218
478.173 418.233 2023.14 123 139 137
430.165 -29.5993 1524.45 249 246 247
-14.5814 112.759 1147.18 159 137 136
580.05 335.656 2012.47 167 173 170
24.2624 73.6756 1128.99 251 231 229
47.7137 86.1655 1211.31 254 235 222
-193.617 46.9836 1271.8 83 34 18
639.156 1.67344 2096.4 164 159 147
-27.2415 163.398 1175.11 246 215 189
454.665 -72.4512 1710.5 250 224 213
594.906 84.2284 1843.31 255 255 228
648.308 418.852 2514.67 140 168 171
447.838 -69.9362 1701.59 134 87 74
-157.871 226.045 1261.07 93 32 16
562.79 -104.388 1821.85 255 253 225
-63.5343 10.3949 1079.06 232 204 173
29.2963 419.465 1231.59 197 196 189
-19.5554 81.715 1223.77 158 163 158
56.9443 110.522 1214.6 175 124 102
432.305 -26.1182 1624.93 166 159 158
528.853 -29.8212 1947.13 226 221 221
71.4532 -60.5105 1325.28 185 162 141
41.113 230.152 1308.84 206 167 157
569.741 -130.472 1781.99 251 247 215
9.46362 244.054 1231.24 252 236 230
88.1023 -82.9714 1346.32 109 85 72
-30.16 86.3781 1137.76 235 235 223
122.606 196.582 1341.86 155 126 108
-13.4739 91.0124 1225.88 174 171 147
8.11673 41.7722 1147.8 255 246 249
-0.120698 290.019 1212.28 254 245 224
608.064 -203.598 1848.16 232 232 213
-62.5758 164.177 1192.79 160 128 113
-4.05518 78.7694 1173.32 254 230 220
528.91 79.6093 1744.27 251 246 222
476.261 87.9296 1741.43 164 160 134
-9.95284 29.2978 1168.06 255 254 243
629.332 -148.717 1930.72 164 167 142
-19.2404 394.745 1247.64 107 101 89
5.13179 -22.9939 1143.33 179 156 133
491.62 254.623 1961.26 112 145 156
589.536 342.705 2167.67 156 172 169
397.204 -279.495 1897.26 207 183 171
330.189 206.715 1644.71 46 73 70
-28.5528 288.395 1238.55 191 200 210
383.286 -239.49 1670.78 237 207 204
389.842 251.992 1864.66 65 88 91
-4.61652 281.331 1087.38 207 142 134
404.203 -251.447 1737.53 135 123 126
70.5264 398.255 1291.04 163 147 127
374.803 237.514 1859.18 125 143 153
40.6214 90.7675 1362.57 221 154 123
56.8536 355.006 1152.47 232 220 187
-59.7031 238.872 1197.2 134 100 94
554.154 -266.482 1686.36 208 214 205
2.32207 324.446 1247.87 246 178 150
-68.4378 169.857 1191.79 144 125 106
-34.6344 447.71 1247.31 51 34 22
531.178 -281.719 1821.38 193 218 206
453.993 -36.9954 1657.57 155 140 129
-2.87248 316.891 1293.14 201 177 177
112.234 189.255 1278.9 231 212 185
471.221 -73.4686 1646.72 216 196 170
-53.3516 236.038 1174.56 204 194 192
-30.0572 295.585 1298.76 249 252 252
-104.299 478.52 1433.61 122 105 90
-14.4923 83.0083 1150.03 205 152 137
-50.3517 121.764 1167.06 253 253 255
-14.556 404.604 1141.14 154 134 110
-37.4695 92.6179 1185.54 177 172 174
501.153 332.438 2467.07 75 88 94
516.371 -78.3677 1705.09 201 172 149
-3.10874 -29.6135 1218.01 183 153 134
439.926 265.938 2086.84 83 112 108
31.1731 200.331 1304.02 181 156 136
416.975 -227.62 1456.43 181 205 208
-9.34928 255.362 1290.03 250 167 130
131.376 75.9101 1374.51 255 241 211
459.521 13.1331 1866.99 56 37 28
2.38289 10.6835 1197.39 220 159 132
109.712 304.013 1395.56 188 189 190
365.816 10.6434 1711.25 60 50 32
601.905 -144.092 1817.59 254 255 233
-12.4176 54.9379 1197.22 224 186 184
-66.4512 147.716 1047.59 146 120 97
510.847 21.3368 1735.01 238 225 204
-11.5816 109.049 1153.98 159 138 134
-7.81305 124.101 1288.37 206 152 147
107.907 288.035 1344.06 193 186 195
-2.71352 11.956 1113.48 255 240 209
400.055 4.0797 1820.39 114 100 82
425.015 358.252 2113.41 78 95 88
1.02512 -59.1273 1398.31 36 51 63
551.512 299.188 1999.97 186 205 197
