-44.7282 30.329 1189.67 255 244 243
168.538 264.84 1933.77 248 249 235
297.59 -61.4958 1686.89 243 232 225
-47.0626 448.239 1245.15 248 242 238
-85.36 430.04 1207.14 212 200 198
-47.7983 436.037 1188.34 100 94 87
-76.8907 439.775 1182 231 214 196
-10.4702 41.1643 1317.66 94 52 29
277.707 -127.622 1669.11 221 216 205
-52.4717 312.233 1205.05 255 236 224
-4.64177 35.0116 1280.78 50 0 0
-40.9111 426.631 1245.38 251 247 244
-67.656 450.052 1212.87 123 100 84
-10.2158 202.266 1236.98 84 42 32
-68.7216 476.249 1302.73 106 76 62
284.56 40.1104 1707.29 253 229 226
-59.4471 456.453 1070.26 233 232 222
-40.5373 438.49 1187.05 230 227 224
-10.8225 225.723 1297.95 118 104 97
-205.942 563.057 1368.23 193 188 180
-84.8022 196.338 1165.67 127 87 81
-62.2604 488.504 1371.9 102 95 91
-108.399 217.575 1112.05 88 57 52
-41.5045 33.7728 1334.42 171 141 132
-44.7145 18.5642 1188.89 199 189 170
-86.573 432.643 1235.06 255 246 241
-118.765 82.8993 1055.9 255 246 228
-123.863 114.157 1150.61 246 208 182
271.852 -27.2993 1605.66 225 213 197
194.019 -135.453 1741.09 55 68 69
5.3479 245.927 1303.34 113 101 96
344.256 473.614 2145.27 201 231 236
-121.868 217.228 1108.91 56 43 30
-10.729 228.299 1206.34 240 230 210
-59.3814 42.2353 1187.27 251 246 227
-10.7892 261.713 1301.09 138 123 121
625.92 -266.482 1276.7 55 58 50
-67.4197 -2.60755 1262.98 165 186 188
-49.7824 470.179 1218.54 128 126 123
-91.7709 125.939 1109.84 120 125 121
288.881 49.4824 1674.19 141 135 133
-81.6179 103.092 1159.55 107 112 104
72.0805 192.544 1529.14 102 96 82
307.801 74.6381 1718.25 240 232 235
2.09304 235.97 1301.74 252 244 235
-66.8627 472.951 1184.27 255 249 237
260.345 387.602 2095.08 68 100 98
-114.759 171.829 1182.16 205 144 146
363.401 2.40822 2052.4 254 254 246
-66.5319 391.965 1085.37 131 125 111
2.09615 215.082 1240.66 161 137 120
-28.6028 383.193 1245.73 225 213 203
-19.6263 488.338 1226.82 212 218 220
-10.8716 173.552 1293.17 195 155 130
369.674 88.9823 1947.21 254 244 244
36.9496 524.432 1428.18 102 103 99
293.35 304.062 1743.51 210 237 243
-206.667 597.815 1443.39 130 123 121
-7.15941 189.905 1236.61 250 203 182
325.535 98.0325 1819.79 217 201 197
-4.42528 193.252 1296.42 139 97 71
-44.6588 513.812 1300.27 112 88 72
-40.9061 420.31 1245.03 246 233 227
-108.614 106.779 1059.61 101 82 64
-168.345 151.348 1142.54 171 152 147
-108.826 151.966 1062.27 253 253 242
-124.038 143.114 1152.67 158 78 65
-13.3065 158.76 1232.69 237 198 178
-84.2533 314.226 1123.07 137 130 124
-36.5352 372.742 1303.66 110 77 74
332.251 25.5286 1927.4 252 230 210
-105.721 223.182 1113.04 205 170 153
-82.3487 414.908 1206.64 154 143 139
-30.0329 89.0612 1169.72 180 132 119
-79.0431 178.953 1165.82 118 87 86
-79.2149 365.863 1203.41 184 146 152
-121.215 97.8512 1101.35 229 172 147
-20.7548 194.478 1254.1 247 230 211
299.232 -23.8126 1695.55 250 247 245
-11.0329 -9.02698 1274.82 66 39 31
-104.167 233.093 1089.69 121 91 77
364.36 -189.786 1751.15 184 195 195
283.713 93.3065 1812.18 181 159 145
340.56 29.6381 1805.1 252 239 224
315.166 256.14 1755.98 95 92 83
-82.3741 255.97 1112.26 248 217 191
154.48 50.4171 1657.18 17 18 9
-46.676 398.901 1213.78 189 159 133
18.2377 213.541 1303.33 157 138 128
343.96 6.85877 1799.87 255 249 230
327.484 -46.5917 1784.07 254 250 254
361.942 84.5084 1821.62 247 228 217
36.2529 256.797 1376.08 162 141 129
-10.806 140.376 1197.05 173 131 115
-129.999 166.728 1078.42 121 67 58
-13.2991 171.14 1233.73 227 201 178
254.212 -4.62246 1690.28 148 123 112
270.944 7.08929 1789.26 66 25 12
334.459 -41.5934 1913.81 178 172 156
163.719 -104.275 1864.86 29 26 5
215.51 265.143 1838.37 51 67 65
-100.394 245.754 1115.62 247 232 209
-93.1375 23.0859 1217.68 199 189 214
-94.8268 212.356 1114.77 144 109 93
160.559 -202.16 2082.01 228 230 218
-45.4182 397.418 1232.1 211 197 173
-224.346 91.2188 1123.97 173 148 130
-68.2647 258.996 1143.87 153 124 106
-26.9481 172.183 1250.15 243 217 205
-181.777 97.9989 1087.17 151 131 124
-16.7359 143.306 1196.13 254 227 200
331.86 546.605 2149.99 134 147 143
-81.5715 518.117 1302.05 79 58 45
-28.5387 158.457 1229.33 232 210 193
-215.151 281.231 1126.3 73 16 2
27.5987 108.847 1258.35 207 145 121
-42.0042 539.083 1366.85 123 106 90
425.853 50.9813 2221.25 253 233 236
-55.9774 380.341 1158.77 169 129 105
397.295 35.33 1941.36 132 117 103
-36.6035 535.443 1313.75 37 39 36
-104.593 35.2019 1258.09 92 68 49
-36.5022 309.963 1299.05 141 115 101
342.462 29.4116 1711.74 180 161 153
-26.8689 419.698 1309.18 213 211 189
-233.222 286.43 1209.42 70 25 17
354.393 148.289 1708.01 255 254 243
-44.4169 284.012 1153.83 149 119 114
-36.1628 287.465 1220.71 240 192 181
-81.6833 120.561 1160.87 169 156 143
441.28 174.34 1954.31 243 245 222
-89.4288 223.755 1116.75 228 214 189
-61.8228 158.91 1168.21 252 210 180
32.2326 122.09 1361.11 255 239 210
-102.317 219.889 1025.14 176 140 123
36.1502 266.134 1339.47 154 132 116
302.976 336.732 1673.09 163 184 183
355.707 -20.2334 1704.09 255 250 220
-97.695 578.889 1333.64 148 136 125
-11.2595 676.336 1397.44 74 91 82
-7.0273 697.909 1444.83 168 186 177
-42.8991 591.981 1488.65 255 250 235
3.7042 563.204 1440.59 81 89 95
-90.8007 278.473 1169.86 173 144 123
342.708 373.654 1848.92 163 178 181
41.7424 293.223 1452.16 241 235 218
270.876 23.0681 1701.48 199 159 144
-46.6223 361.759 1210.75 163 133 124
-68.2885 374.398 1236.01 255 243 228
-95.2373 50.1328 1390.25 142 111 100
-37.7647 307.345 1238.68 224 185 180
-77.0645 281.636 1116.15 253 238 210
-109.529 124.224 1128.45 148 124 122
35.801 133.662 1440.36 255 245 217
-94.8025 311.813 1090.92 78 41 34
-87.8323 246.183 1168.43 240 218 198
271.312 532.547 2135.58 104 121 113
600.985 -90.3058 2576.92 250 252 238
-95.7861 108.686 1156.74 234 240 239
467.222 -77.4117 2051.59 168 170 152
279.76 304.291 1537.19 168 189 192
-15.661 519.862 1307.88 129 129 134
403.055 -73.8326 1786.18 224 226 208
330.006 412.32 1940.23 172 199 193
-41.9181 152.679 1197.74 225 145 131
35.7246 142.191 1364.3 254 239 219
335.908 -68.4499 1507.98 187 188 167
-60.9394 234.264 1249.42 188 143 120
