27.5193 -56.1406 1168.23 46 36 18
57.1557 81.2864 1239.08 54 15 13
-32.9146 340.601 1159.27 240 229 205
-53.9206 29.978 1065.79 23 20 28
10.4105 343.384 1168.61 242 233 233
57.1118 75.1283 1238.51 253 235 208
33.3636 8.21474 1285.02 2 0 1
526.638 198.413 1678.65 207 246 248
65.0151 -46.4787 1263.03 73 33 22
24.8988 7.26992 1173.2 73 56 53
7.03139 -45.5169 1117 41 28 15
-76.2906 36.1406 1130.46 246 254 241
-37.06 314.245 1131.66 213 211 208
15.9081 -50.3111 1166.61 244 234 218
69.8448 124.321 1304.1 145 106 80
511.803 -170.539 1599.49 255 251 241
493.871 -16.0991 1551.76 231 224 225
508.287 -56.8622 1624.27 93 89 88
71.6797 -37.7459 1230.36 89 58 38
1.43377 -44.4806 1164.4 255 237 222
-22.3122 367.381 1244.41 104 86 72
-1.53598 216.796 1155.68 242 206 191
-59.5913 138.276 1191.92 67 36 29
69.7507 99.9687 1243.16 67 27 21
24.9643 21.7904 1174.43 117 103 94
402.284 119.769 1738.73 212 211 202
-44.6103 186.717 1172.85 233 224 191
432.48 -76.5963 1461.34 217 185 170
63.2312 62.8865 1238.54 67 19 11
44.7842 113.888 1212.3 229 207 194
117.501 153.869 1256.75 82 63 61
-36.0677 44.1354 1191.73 105 91 84
49.0595 115.806 1186.61 145 106 84
86.9269 426.685 1369.44 218 222 233
29.0023 281.723 1194.4 246 246 226
10.9848 221.277 1186.85 106 73 57
494.757 -72.6996 1619.81 226 206 203
5.44058 318.968 1247.37 160 139 128
57.5216 133.814 1243.83 118 92 81
499.749 -60.8173 1622.77 214 207 206
-16.5117 348.021 1214.69 221 210 199
107.443 103.643 1250.4 117 91 68
343.968 103.093 1821.43 58 52 44
-40.7381 338.054 1238.46 255 250 252
-59.0954 244.794 1173.5 75 67 67
446.091 -42.8316 1415.59 254 253 250
-78.4102 77.3384 1084 255 243 244
63.5822 109.144 1242.82 244 230 204
63.9884 165.037 1247.75 79 50 51
-0.152168 370.97 1339.85 27 28 25
490.925 -59.6326 1537.62 246 245 242
124.55 372.358 1315.29 70 70 67
-44.2158 114.998 1137.7 120 55 43
544.013 292.406 1756.81 89 105 119
-38.8156 102.302 1168.05 114 70 70
-16.4044 422.183 1220.78 255 253 246
-2.61273 366.302 1230.54 115 110 106
-18.3906 246.699 1182.44 125 114 111
517.446 -44.9248 1627.55 142 127 122
568.339 -28.9987 1634.41 255 241 242
518.057 -36.9235 1629.33 243 233 226
570.62 303.981 1895.62 209 230 246
525.996 295.754 1789.87 52 72 94
52.9858 150.529 1139.81 133 114 111
-88.8872 21.0509 1079.25 253 202 177
76.3884 146.666 1248.55 228 226 223
531.403 143.565 1668.31 37 32 21
42.6969 104.033 1202.6 250 233 212
11.2439 411.873 1282.13 120 92 72
448.205 -97.4281 1448.65 255 249 248
-53.1347 50.0819 1161.06 94 95 91
22.9482 254.545 1191.46 111 84 78
38.2287 310.261 1314.14 248 254 238
41.6806 84.1498 1236.36 254 225 217
572.125 -80.9064 1622.99 242 230 223
79.5811 152.982 1249.7 127 118 106
54.1794 146.773 1262.59 254 253 232
-69.1576 49.8913 1126.44 123 109 105
77.6631 -52.7662 1264.92 152 53 23
574.255 -32.7277 1732.53 225 216 217
471.504 -130.688 1525.15 186 165 160
11.699 335.025 1249.76 255 251 245
418.282 -135.268 1295.28 244 235 229
21.0135 292.983 1331.42 235 211 196
-104.196 465.559 1430.8 144 142 135
404.472 -271.944 1569.71 190 155 143
-4.13589 448.205 1304.79 252 253 247
-118.057 453.446 1426.03 154 152 138
16.8239 197.774 1186.42 253 255 242
490.437 -121.743 1530.76 144 141 142
416.045 -262.633 1671.09 55 57 61
-18.7079 221.889 1152.61 158 126 104
-64.6125 130.58 1115.26 246 237 246
58.4199 595.965 1456.07 69 95 82
-20.2938 261.289 1132.35 255 252 239
63.4896 96.7843 1241.69 252 240 214
-70.7705 52.9815 1132.52 158 144 135
2.16683 246.932 1241.62 123 103 98
-9.6368 217.477 1182.36 144 96 90
79.8311 140.824 1307.67 169 133 117
513.149 -76.9094 1541.28 255 243 232
-36.267 251.275 1255.63 146 80 66
0.310552 229.872 1171.28 235 198 189
66.0639 365.687 1233.29 103 91 75
-67.5326 74.2241 1041.69 234 192 194
-20.6882 309.647 1086.49 255 251 240
498.039 45.5938 1563.87 143 126 108
0.685226 396.95 1240.77 126 113 105
515.389 -152.795 1558.75 220 213 205
-24.1327 383.242 1189.09 170 154 134
57.6681 155.538 1245.72 254 236 227
-74.3519 138.078 1154.07 123 84 66
-84.6514 141.774 1160.88 57 19 4
-12.5248 246.97 1183.69 253 244 239
431.196 -212.801 1418.93 149 152 144
-94.1417 9.2858 1100.95 230 194 174
573.502 -65.018 1626.65 242 216 202
-70.811 173.203 1219.87 176 178 160
-12.7878 79.5328 1171.7 243 232 214
-72.6203 475.436 1440 130 125 113
15.0416 417.199 1255.44 39 43 44
-38.9875 243.3 1201.51 248 247 233
613.751 -89.1944 1706.62 138 121 111
-97.1207 91.2204 1105.7 84 41 25
10.1116 255.191 1161.37 231 218 214
590.714 58.2735 1831.32 71 57 41
497.815 -155.054 1452.27 222 206 185
51.8495 86.4009 1184.78 254 226 204
-35.9074 272.471 1180.31 124 118 116
-72.5584 184.014 1272.88 255 248 230
548.717 -145.614 1753.12 120 103 102
-35.9373 21.4813 1162.43 160 152 146
465.804 208.838 1765.3 56 82 78
-70.1332 158.186 1115.81 106 87 74
123.324 181.265 1319.88 255 252 239
-50.3607 151.459 1169.15 253 239 210
-38.9945 201.426 1199.59 254 231 214
132.907 36.8674 1345.88 255 218 192
505.214 184.085 1758.51 70 98 101
-95.9994 147.198 1158.68 185 161 151
-27.1322 296.665 1183.66 146 134 127
454.145 -19.8621 1547.59 150 141 136
391.174 -306.45 1721.5 191 190 178
78.7646 410.37 1312.27 138 144 151
70.3519 177.679 1250.04 146 133 126
-43.8984 207.557 1114.48 255 248 220
458.762 -73.14 1464.2 79 53 37
-30.1826 32.4082 1192.26 255 240 244
-172.604 1.33588 1130.19 158 135 118
-17.6752 380.303 1112.36 214 188 165
42.7067 42.2849 1179.45 153 139 132
552.619 -68.9384 1624.58 245 233 231
-8.47569 428.173 1242.41 199 203 198
602.266 16.4558 1732.65 254 252 228
8.51288 306.595 1247.19 254 240 229
-81.961 243.712 1272.7 124 104 102
573.246 215.767 1882.24 129 157 169
-58.615 222.024 1097.76 207 206 200
80.2392 555.509 1390.95 146 162 148
-27.1814 222.668 1179.01 255 221 197
-39.8546 201.193 1124.84 177 154 125
493.789 -129.193 1529.52 233 220 227
490.859 -94.7757 1462.8 230 204 182
-90.3403 147.37 1159.99 180 145 134
111.273 -95.4177 1231.09 253 249 228
549.203 29.0406 1609.12 131 119 100
495.021 -247.793 1315.12 168 197 203
-53.936 45.7951 1066.77 159 151 149
109.468 7.83597 1241.49 255 234 207
-19.9548 272.637 1168.61 186 131 125
-80.1595 92.9527 1064.24 169 148 145
580.589 -70.9902 1726.33 244 233 230
-8.9111 314.381 1070.72 249 249 245
573.145 -146.779 1496.27 242 241 212
-59.0344 192.037 1170.06 250 240 226
-22.5599 316.952 1210.66 154 120 118
-15.0198 15.0513 1117.43 255 241 232
-116.801 58.1739 1030.71 145 120 109
-47.5365 260.072 1177.01 159 152 155
-79.1563 220.427 1167.44 190 172 165
74.5022 298.831 1320.79 253 253 231
444.326 -113.991 1528.67 163 139 132
-14.1805 419.753 1277.21 99 76 64
98.9158 3.05246 1200.53 194 146 149
581.108 23.6609 1646.81 164 164 159
-35.9399 -49.9071 1156.68 102 79 62
140.197 42.1192 1405.95 230 165 134
61.8884 300.968 1281.71 245 244 222
119.387 47.7622 1247.17 255 247 226
588.321 -128.21 1613 255 254 242
660.584 -207.804 1677.11 224 232 213
-0.869814 268.597 1242.55 178 158 149
515.311 -72.7764 1621.31 128 93 90
-31.6958 -55.5515 1220.55 58 52 37
-27.2859 64.81 1167.6 254 228 205
637.091 -167.32 1605.55 251 255 235
-14.9996 28.8607 1118.44 255 250 245
636.251 51.0142 1742.85 241 238 226
1.52192 -12.9287 1167.07 255 240 206
476.939 -115.777 1502.14 252 241 240
-71.8234 125.903 1087.41 219 217 214
96.8059 17.7712 1116.84 255 235 232
74.2306 -94.9824 1225.01 79 61 39
94.8333 464.186 1215.79 86 94 87
587.451 260.097 1788.24 154 169 169
553.169 -299.816 1572.71 195 217 220
1.62533 24.5628 1170.19 255 247 227
31.8474 304.633 1221 197 192 158
46.4062 384.896 1287.08 132 122 99
1.71191 56.4726 1172.78 255 252 249
599.466 -13.4485 1725.09 250 245 231
539.594 176.612 1649.99 171 187 185
-197.382 24.7471 1177.02 85 29 11
436.519 168.168 1571.32 93 120 125
715.675 53.8662 1837.4 215 217 195
-33.0184 190.062 1175.57 118 100 63
57.5015 30.776 1363.27 194 175 162
-15.8396 11.4942 1057.75 177 107 88
545.591 -296.042 1573.26 96 114 111
-42.5525 446.688 1273.08 107 94 78
506.192 351.688 1900.01 92 105 102
666.655 291.586 2002.95 163 181 182
366.413 161.362 1411.8 64 89 91
583.946 289.562 1893.33 97 124 125
453.593 -91.1832 1353.48 143 118 91
466.192 -278.047 1652.22 99 85 78
44.4315 29.072 1231.83 157 150 141
708.923 -184.032 1767.71 249 252 240
21.1703 200.369 1219.62 200 165 158
102.779 128.215 1310.81 192 170 137
450.441 -87.4045 1460.99 121 83 70
628.283 36.0979 1750.46 254 253 231
-38.8112 61.7676 1164.98 216 194 180
-8.63365 291.036 1155.81 220 152 133
-83.8049 168.865 1113.49 173 131 102
-4.79553 -93.9152 1210.71 137 155 165
583.62 156.346 1764.88 202 209 202
57.9612 253.722 1167.45 174 180 160
-72.3745 114.284 1067.09 169 171 167
-70.1619 149.119 1043.98 182 141 123
548.378 -167.712 1554.13 223 206 189
-49.113 166.442 1282.62 202 150 129
-14.9697 -5.91623 1230.53 178 119 96
-81.3853 400.261 1222.45 165 158 150
125.017 56.6944 1307.38 255 247 223
-53.2649 180.548 1170.55 159 137 109
-37.9468 277.365 1055.9 215 210 212
669.974 -172.24 1715.28 165 168 142
-169.564 184.311 1254.19 76 31 8
364.929 -223.062 1500.58 118 120 108
662.34 -191.733 1681.32 209 220 195
-70.4552 106.41 1018.16 252 253 253
43.6587 240.561 1217.19 202 183 181
556.887 -163.102 1603.63 238 219 200
16.3647 68.3256 1176.59 204 141 117
713.454 56.7674 1932.05 176 174 154
125.977 69.4595 1250.42 211 183 171
-15.9684 -1.31609 1277.72 202 143 128
585.231 -24.9859 1636.26 191 177 156
341.747 -229.905 1496.96 75 79 58
159.652 104.456 1382.61 243 230 210
-155.071 -102.949 1424.11 62 51 38
100.693 145.352 1017.74 231 190 169
-80.9183 102.547 1109.96 183 172 176
661.46 -199.778 1679.21 165 175 152
173.285 229.836 1508.14 204 152 119
7.56522 62.3623 1174.4 255 247 246
489.096 -145.275 1560.87 172 160 155
120.887 160.547 1141.52 205 159 134
374.99 -225.61 1672.13 34 31 17
114.786 527.455 1376.02 234 249 246
