-222.949 -183.165 866.387 149 148 141
740.278 -282.603 1353.46 46 71 80
640.248 -284.824 1406.33 86 56 49
-757.707 -342.064 1765.13 188 200 193
781.159 -248.509 1390.05 205 227 202
610.059 -236.194 1322.13 121 121 116
610.059 -236.194 1322.13 121 121 116
677 -204.39 1322.8 205 186 173
-350.344 -109.066 756.812 28 40 37
-995.78 -405.584 2844.35 130 136 132
-995.78 -405.584 2844.35 130 136 132
819.666 -193.914 1446.56 238 245 219
-820.869 -259.645 1887.96 39 47 49
-1082.13 -336.085 2475.62 108 108 106
825.258 -185.357 1443.01 160 167 144
-890.058 -248.847 2054.81 107 113 107
-880.341 -265.652 2533.78 163 159 136
743.759 -132.194 1406.58 224 228 191
594.808 -67.275 1413.59 166 120 109
862.326 -22.5037 1508.43 219 234 222
701.272 -13.9206 1441.18 88 72 61
642.495 25.6 1417.87 81 69 52
631.303 65.3513 1367.42 110 110 100
853.366 109.523 1553.93 228 219 200
824.443 115.95 1558.06 128 110 87
686.981 149.378 1444.05 92 96 83
145.952 133.986 1174.61 214 149 126
78.2364 160.313 1107.77 255 250 238
739.197 278.786 1634.37 144 174 172
77.2056 281.857 1191.14 208 203 188
116.219 301.49 1228.07 253 251 233
86.3605 301.839 1209.9 97 95 80
-11.9433 352.97 1126.66 42 33 26
-11.9433 352.97 1126.66 42 33 26
117.654 395.115 1251.21 68 52 42
5.39902 426.625 1169.47 253 251 243
4.19951 376.024 1017.29 11 11 12
167.896 520.691 1300.54 190 209 201
-57.8412 -370.416 1216.19 160 154 135
-393.6 -302.055 1021.84 168 166 158
313.353 256.881 -1087.92 65 63 57
-687.284 -343.051 1715.77 161 184 173
-875.876 -277.679 1422.88 137 156 146
641.914 -257.994 1380.54 40 36 36
796.562 -243.953 1398.64 128 139 122
676.734 -198.815 1338.84 105 86 73
580.231 -179.396 1282.11 80 74 72
-398.31 -113.96 953.974 71 68 59
-596.023 -155.893 1431.59 237 235 233
-981.955 -186.522 1868.62 109 98 85
715.659 -124.257 1383.97 136 115 95
792.194 -107.043 1377.46 132 154 131
638.157 -101.652 1387.57 166 154 136
637.566 -89.2354 1361.13 114 100 73
646.974 -72.5561 1389.89 122 67 53
574.69 -50.366 1318.6 75 54 46
6.63041 -23.5133 1024.46 255 248 243
694.7 -8.00282 1409.03 254 229 241
666.858 -12.6531 1522.71 87 65 58
109.719 29.5216 1114.14 196 130 95
115.625 48.0026 1133.74 207 135 105
654.746 71.846 1397.69 201 202 183
133.189 73.5898 1153.32 254 243 229
643.191 117.341 1479.22 80 70 64
700.175 167.784 1518.1 99 95 80
133.845 129.389 1111.8 222 142 124
654.778 224.918 1662.95 47 64 64
741.367 228.587 1621.17 224 255 255
659.36 292.389 1699.04 49 52 44
-69.5964 245.207 1056.22 249 255 254
-28.7765 337.98 1129.6 255 251 250
-45.9693 343.776 1124.9 254 252 252
-41.1409 376.359 1151.84 255 246 237
1.18547 360.423 -1585.21 144 112 82
-284.441 -83.6881 429.471 49 61 54
808.406 -261.735 1395.71 218 226 209
-929.354 -279.529 1669.39 124 129 123
-929.354 -279.529 1669.39 124 129 123
-517.133 -139.112 855.754 55 56 51
-789.654 -209.867 1587.57 54 53 45
793.644 -141.991 1444.77 253 252 227
808.368 -109.184 1403.37 132 154 131
571.111 -96.1978 1326.55 77 56 49
-982.389 -82.61 1311.47 0 2 0
699.232 -62.5041 1410.51 241 228 220
-890.939 -53.1891 1201.77 0 2 1
898.714 -18.7066 1549.4 95 94 87
574.893 -0.844808 1356.96 156 148 149
-80.755 1.17894 934.584 149 108 81
-74.9157 11.4016 933.005 227 194 170
-74.9157 11.4016 933.005 227 194 170
690.366 39.6187 1413.01 250 250 233
861.286 50.4279 1552.07 254 255 239
-2.56116 32.6756 1024.18 212 126 86
-26.7345 34.7824 1020.25 200 116 96
818.928 56.6463 1456.02 122 129 103
124.773 55.3013 1131.07 239 212 190
-72.6841 56.2232 1069.71 243 245 243
695.438 144.892 1450.51 104 93 82
159.857 139.956 1144.97 225 164 124
78.9718 150.311 1170.45 254 242 228
787.119 250.305 1757.15 35 75 92
-102.723 163.892 1092.12 114 67 55
130.101 198.884 1164.2 253 254 250
705.979 304.463 1636.67 61 89 108
-78.9185 199.306 1067.33 252 251 235
204.898 278.672 1242.38 200 152 127
105.425 278.6 1205.42 248 253 240
-36.1142 227.585 980.456 251 253 255
-17.6604 374.308 1143.83 255 252 237
198.654 444.591 1342.8 76 62 55
-285.394 -191.002 741.747 150 148 139
711.474 -308.441 1412.04 45 62 68
-324.678 -216.557 1149.2 136 141 139
497.149 -221.164 1345.57 13 16 14
-806.802 -177.402 1642.66 65 34 22
773.297 -108.101 1471.02 255 253 251
659.877 -52.8342 1402.4 255 251 245
625.431 -7.29084 1393.76 236 235 233
625.431 -7.29084 1393.76 236 235 233
19.3517 8.42369 1074.51 249 195 174
757.009 295.748 1636.57 212 236 233
783.784 376.448 1705.34 119 148 160
205.073 302.952 1270.71 231 212 185
139.445 365.591 1230.1 160 143 108
-435.365 -358 1276.12 88 75 65
6.332 -166.583 618.134 67 62 56
6.332 -166.583 618.134 67 62 56
159.044 -394.015 1534.08 63 41 26
709.876 -288.056 1375.55 157 192 187
839.736 -154.981 1462.44 247 254 243
585.969 -130.504 1363.47 32 13 8
-27.8639 -26.2723 1074.37 100 74 58
23.9381 51.7062 1052.4 253 251 247
131.434 100.258 1145.75 244 252 235
-65.4748 104.29 1004.44 250 253 254
-65.4748 104.29 1004.44 250 253 254
38.2356 186.197 1110.12 252 252 246
-52.2206 241.484 1080.02 153 73 51
-48.5538 295.829 1089.11 254 250 254
10.1062 395.962 1149.01 86 77 80
21.4466 -417.007 1648.64 78 80 78
-414.407 -254.403 1129.48 85 83 71
486.982 -238.268 1366.17 164 160 165
-525.31 -137.167 843.153 131 148 138
-408.486 -86.108 634.932 73 73 66
637.956 -73.3669 1389.57 137 92 81
750.779 4.26115 1500.74 220 203 190
-114.817 25.4531 971.484 195 174 144
-19.3864 39.898 1041.44 236 141 120
-42.2212 44.8917 1038.92 239 255 251
795.872 90.0579 1478.92 132 118 98
795.872 90.0579 1478.92 132 118 98
-101.118 87.1218 1007.36 254 242 237
43.0842 97.3641 1104.6 116 75 57
43.0842 97.3641 1104.6 116 75 57
51.9947 129.072 1107.87 157 110 89
51.9947 129.072 1107.87 157 110 89
380.502 -363.605 1339.74 48 39 27
-382.529 -271.594 1069.65 135 143 139
-555.032 -164.956 1092.67 125 133 127
-23.4479 87.7983 1075.82 212 119 95
176.676 185.133 1209.75 223 217 199
23.6114 258.567 1130.86 255 252 253
23.6114 258.567 1130.86 255 252 253
-22.9924 386.788 1139.2 247 231 221
-54.7447 440.531 1242.31 77 66 60
7.56146 -139.247 480.18 122 122 115
907.468 -23.0507 1578.97 217 232 222
5.10896 65.0953 1061.47 254 255 249
5.10896 65.0953 1061.47 254 255 249
56.7957 348.665 1197.16 165 187 141
622.119 -235.561 1317.98 88 82 77
-281.142 -121.629 886.974 154 134 110
-281.142 -121.629 886.974 154 134 110
-648.998 -143.68 1459.9 69 59 41
103.65 -50.0249 1073.86 233 190 154
596.152 -46.0674 1475.46 55 40 40
815.205 -3.63697 1512.56 251 253 252
815.205 -3.63697 1512.56 251 253 252
628.965 173.337 1784.53 156 151 138
-26.8665 -204.052 712.329 138 138 131
471.687 -208.632 1533.11 57 50 39
574.437 62.5083 1726.17 61 55 48
818.861 213.227 1677.37 224 248 243
642.777 297.202 1696.36 81 71 61
543.54 -177.746 1343.72 53 48 41
-1.96743 -56.9672 1086.18 46 84 90
36.874 27.244 1056.7 226 183 167
784.031 -51.5795 1502.98 178 179 154
57.889 142.381 1137.16 112 50 29
