-994.853 -24.9567 1476.52 180 193 184
-928.524 -19.1056 1394.92 97 104 93
-439.649 316.711 1129.92 252 251 228
-289.006 488.082 1290.63 91 94 92
-309.587 552.378 1392.08 115 120 116
-229.906 604.063 1413.13 111 132 126
-269.093 645.995 1452.33 123 156 148
175.906 87.5816 1014.43 181 169 144
-550.582 192.795 1089.92 255 254 237
-496.848 256.984 1154.95 120 108 94
-496.848 256.984 1154.95 120 108 94
-1045.14 -55.9557 1457.88 167 171 160
-980.439 -33.3362 1378.16 161 165 157
-998.708 -18.6149 1426.79 156 161 148
-1303.48 -200.234 1798.58 91 92 80
125.769 41.039 981.388 111 85 80
-498.701 63.2096 1008.32 211 133 111
-523.729 72.2699 1034.66 254 248 255
-576.69 97.069 1054.37 248 252 249
-576.69 97.069 1054.37 248 252 249
-1124.69 -45.6859 1683.98 162 170 163
-513.395 98.8353 1122.97 252 254 250
-573.12 134.827 1100.88 254 251 254
-573.12 134.827 1100.88 254 251 254
-487.065 274.24 1187.43 254 251 251
-427.389 340.87 1166.93 183 209 174
-481.102 119.209 995.187 203 127 111
-558.775 84.3527 1065.57 237 231 234
-1350.82 -197.927 2121.27 107 105 84
