325.055 -90.2661 1722.18 50 27 22
89.2678 -49.0619 1255.86 249 244 222
379.773 -30.6643 1835.23 182 143 126
379.773 -30.6643 1835.23 182 143 126
-197.569 -19.6078 1272.76 96 72 64
432.273 -1.22601 1831.57 179 182 172
-199.132 20.6464 1118.67 169 159 141
370.674 38.2488 1802.28 126 110 100
258.673 52.568 1805 67 42 20
329.043 319.502 1861.4 183 208 200
-153.476 233.15 1155.78 64 19 5
-150.574 257.309 1169.1 66 7 1
11.2695 282.869 1131.15 140 132 131
11.2695 282.869 1131.15 140 132 131
-72.7019 288.849 1144.16 168 153 147
-31.9393 349.439 1142.35 176 129 98
-31.9393 349.439 1142.35 176 129 98
-13.4669 348.611 1117.87 61 31 29
351.253 -228.622 1727.5 207 230 226
385.972 -195.763 1787.85 114 96 85
-968.151 -166.771 1628.38 100 111 104
-262.525 26.6345 1145.2 90 67 50
-19.7043 70.0436 1070.26 255 252 236
-175.474 79.2582 1107.96 55 7 2
319.97 154.787 1710.41 99 86 78
6.31596 102.613 1066.93 247 252 233
56.8692 124.08 1252.07 159 120 95
-170.399 124.023 1134.95 62 25 16
68.157 178.657 1257.87 170 129 115
-723.689 -177.637 1075.07 148 149 140
355.308 -122.505 1756.76 116 99 84
-55.7248 -40.2092 1267.81 154 160 158
-55.7248 -40.2092 1267.81 154 160 158
-191.962 68.6944 1158.8 168 107 81
430.384 128.431 1880.04 172 164 146
430.384 128.431 1880.04 172 164 146
2.88451 84.9727 1115.32 247 255 249
61.4316 145.494 1262.08 172 129 100
248.381 254.028 1781 156 189 177
-21.2287 162.978 1078.3 254 255 253
95.7652 228.88 1299.26 252 254 246
283.819 352.127 2006.46 117 145 139
368.826 357.893 2004.39 248 255 252
0.976928 371.096 1159.05 255 253 254
32.6699 431.072 1215.26 65 59 50
32.6699 431.072 1215.26 65 59 50
14.33 456.269 1165.01 250 248 238
-187.518 -25.2416 1313.96 70 70 64
-187.518 -25.2416 1313.96 70 70 64
8.5452 111.641 1127.4 252 247 241
8.5452 111.641 1127.4 252 247 241
96.9535 232.837 1315.49 252 254 246
451.86 430.302 2395.94 243 255 250
15.363 276.435 1162.27 242 254 251
25.3422 371.169 1210.44 254 251 250
36.1185 387.832 1215.11 99 91 85
-130.262 442.537 1258.1 77 50 34
3.21204 438.425 1146.45 44 28 27
226.556 43.5427 1824.95 125 127 123
-24.0962 100.617 1075.65 253 247 255
330.041 191.727 1725.71 76 59 56
40.0365 141.932 1192.76 252 242 229
393.561 296.136 1984.83 253 255 255
5.78068 200.189 1121.75 252 213 189
-3.82415 290.362 1140.88 254 251 250
-77.5733 316.063 1147.91 136 118 114
54.7494 445.959 1257.71 249 248 247
-445.076 -79.3116 744.542 66 74 69
416.091 -40.1629 1854.7 248 252 242
481.213 -53.4457 2122.92 248 252 242
-208.711 56.5627 1109.31 160 107 89
12.5552 419.824 1196.94 255 254 249
389.543 -208.846 1822.89 150 130 120
-80.765 -40.5803 1253.76 62 99 112
-142.886 118.426 1113.34 163 108 80
-142.886 118.426 1113.34 163 108 80
-66.2297 118.553 1089.39 190 133 112
-126.206 353.534 1250.12 155 103 76
10.8508 360.577 1160.3 240 241 240
-152.899 9.95567 1221.54 168 143 119
427.718 74.8935 1934.69 240 237 211
131.445 119.413 1328.14 59 50 47
-136.598 203.576 1158.4 165 102 58
147.606 267.844 1344.52 79 69 64
6.77704 -21.9305 1150.95 93 125 133
-77.102 11.1606 1073.58 164 134 103
-43.3907 293.294 1124.54 89 48 35
-106.144 344.83 1185.74 162 103 74
-633.885 -145.282 994.093 123 136 127
272.797 -125.461 1657 55 45 40
320.942 -13.3122 1468.41 220 213 210
-65.7494 64.4697 970.265 61 38 31
