-326.024 -40.3571 1198.16 122 104 90
-321.759 -18.2213 1074.1 166 140 122
-321.759 -18.2213 1074.1 166 140 122
-324.37 52.5752 999.38 112 61 28
-293.717 72.098 1225.8 190 167 152
-335.912 76.6336 1041.6 255 250 229
-355.132 116.952 1059.43 255 246 229
-282.009 2.67697 1308.09 50 44 37
-373.206 91.9665 1074.09 247 241 235
-365.328 112.405 1070.6 210 188 173
-263.367 13.058 1292.21 181 175 158
130.899 28.801 862.072 111 85 80
-266.259 99.1863 1326.64 142 146 139
-398.685 213.24 1162.16 255 251 250
-475.387 410.296 1294.52 99 92 89
-383.436 179.264 1264.12 252 213 177
171.767 94.1579 925.041 193 160 138
