527.257 -166.643 1052.63 50 53 45
602.536 -157.341 1114.24 153 150 146
633.413 -159.652 1124.39 86 93 88
-158.2 196.318 1111.25 253 250 223
632.745 -189.771 1118.99 86 114 89
637.429 -159.037 1116.71 249 255 248
633.891 -137.887 1113.21 238 255 237
653.39 -49.0875 1152.35 243 255 246
653.39 -49.0875 1152.35 243 255 246
-110.223 229.134 1161.03 47 28 16
-179.736 239.68 1102.74 250 231 222
-263.945 321.984 1101.63 255 254 244
-263.945 321.984 1101.63 255 254 244
624.76 -176.433 1092.92 191 221 200
624.76 -176.433 1092.92 191 221 200
-82.4858 123.435 1078.58 193 130 82
641.13 -196.138 1106.03 104 135 105
609.17 -89.1134 1139.28 253 254 232
606.194 -43.1993 1135.05 252 254 251
-76.0237 127.465 981.95 207 134 85
-64.7608 169.889 1077.79 254 255 239
-206.914 185.982 1041.98 237 170 159
-231.29 176.083 1084.44 255 254 245
-293.514 324.014 1148.17 243 246 246
-293.514 324.014 1148.17 243 246 246
494.583 -182.77 1050.6 74 62 60
656.147 -96.931 1143.05 246 253 245
-194.989 156.672 1067.49 101 75 72
