<-Total transform 3->iterations: 2, Init error: 8.40549, SBA error7.18853#
   0.999999 -0.00054806  0.00147712    0.865959
0.000550215    0.999999 -0.00145918     1.39865
-0.00147632  0.00145999    0.999998    -3.30517
          0           0           0           1

<-Total transform 5->iterations: 18, Init error: 7.78399, SBA error5.83991#
    0.999998   0.00010443   0.00208292      2.10005
-0.000100932     0.999999  -0.00167927    -0.406892
 -0.00208309   0.00167905     0.999996     -9.49039
           0            0            0            1

<-Total transform 7->iterations: 2, Init error: 9.94371, SBA error6.9958#
     0.999996  5.50538e-005    0.00278198       5.21784
-5.09885e-005      0.999999   -0.00146137    -0.0901522
  -0.00278206    0.00146122      0.999995      -13.1987
            0             0             0             1

<-Total transform 9->iterations: 22, Init error: 8.54557, SBA error6.62226#
   0.999988 0.000306154  0.00488023      9.6661
-0.00029168    0.999996  -0.0029664    -1.28179
-0.00488112  0.00296494    0.999984    -20.4425
          0           0           0           1

<-Total transform 11->iterations: 4, Init error: 11.9308, SBA error8.01463#
    0.999936  0.000551619     0.011301      17.9576
-0.000513384     0.999994   -0.0033859     -2.36189
  -0.0113028   0.00337989      0.99993      -37.906
           0            0            0            1

<-Total transform 13->iterations: 2, Init error: 9.30626, SBA error6.71564#
    0.999906  0.000471537     0.013669      21.5832
-0.000427343     0.999995  -0.00323586     -1.94619
  -0.0136705   0.00322972     0.999901     -48.7796
           0            0            0            1

<-Total transform 15->iterations: 26, Init error: 11.0368, SBA error5.53946#
    0.99984  0.00175185    0.017812     32.6532
-0.00168838    0.999992 -0.00357807    -15.3578
 -0.0178181  0.00354742    0.999835    -91.0826
          0           0           0           1

<-Total transform 17->iterations: 11, Init error: 20.3386, SBA error9.39881#
   0.999728  0.00257429   0.0231839     48.3051
-0.00251007    0.999993 -0.00279859    -34.6561
 -0.0231909  0.00273964    0.999727    -155.829
          0           0           0           1

<-Total transform 19->iterations: 2, Init error: 90.8033, SBA error76.6476#
    0.999622  0.000888762    0.0274631      52.7081
-0.000818752     0.999996   -0.0025604     -27.7214
  -0.0274653   0.00253695      0.99962     -177.992
           0            0            0            1

<-Total transform 21->iterations: 2, Init error: 14.9277, SBA error14.1673#
    0.999493 -0.000414225     0.031821      59.9084
 0.000546132     0.999991  -0.00413673     -19.9834
   -0.031819   0.00415201     0.999485      -204.66
           0            0            0            1

<-Total transform 23->iterations: 5, Init error: 13.8101, SBA error7.26329#
    0.999399  0.000111973    0.0346586      67.5353
6.02154e-005     0.999988  -0.00496705     -27.6819
  -0.0346587   0.00496615     0.999387     -244.896
           0            0            0            1

<-Total transform 25->iterations: 5, Init error: 21.1625, SBA error4.85636#
    0.999285  0.000868602    0.0377868      85.5098
-0.000640119     0.999981  -0.00605832      -41.852
  -0.0377914    0.0060298     0.999267      -276.05
           0            0            0            1

<-Total transform 27->iterations: 4, Init error: 23.673, SBA error11.786#
  0.999085 0.00177629   0.042735    98.2085
-0.0014271   0.999965 -0.0082002   -60.0235
-0.0427481 0.00813171   0.999053   -317.505
         0          0          0          1

<-Total transform 29->iterations: 5, Init error: 8.16764, SBA error6.06127#
     0.998842   0.000508281     0.0480995       98.4655
-4.68612e-005      0.999954   -0.00959367      -58.3422
   -0.0481021    0.00958031      0.998796      -328.197
            0             0             0             1

<-Total transform 31->iterations: 2, Init error: 11.3061, SBA error11.2029#
   0.998328 0.000239493   0.0577975     94.5491
0.000387611    0.999941  -0.0108386    -55.6291
 -0.0577967   0.0108428    0.998269    -347.166
          0           0           0           1

<-Total transform 33->iterations: 4, Init error: 367.791, SBA error139.977#
   0.997852 -0.00114557   0.0655021     96.4945
 0.00194959    0.999924  -0.0122121    -52.9252
 -0.0654831   0.0123136    0.997778    -327.364
          0           0           0           1

<-Total transform 35->iterations: 5, Init error: 7.80415, SBA error6.2154#
   0.997162 -0.00502039   0.0751147      90.776
 0.00601262    0.999898  -0.0129892    -51.4389
 -0.0750418    0.013404     0.99709    -329.944
          0           0           0           1

<-Total transform 37->iterations: 2, Init error: 7.71777, SBA error7.52493#
   0.996642 -0.00600563   0.0816592     88.0332
   0.007027    0.999901  -0.0122262    -50.7013
 -0.0815776   0.0127589    0.996585    -332.894
          0           0           0           1

<-Total transform 39->iterations: 3, Init error: 7.16821, SBA error6.85843#
   0.996078 -0.00628912   0.0882512     86.3274
 0.00745488    0.999889  -0.0128862    -50.0046
 -0.0881604   0.0134935    0.996015    -338.472
          0           0           0           1

<-Total transform 41->iterations: 2, Init error: 11.2762, SBA error8.79203#
  0.995422 -0.0082642  0.0952238    80.5521
0.00968132   0.999849 -0.0144296   -48.1876
-0.0950902  0.0152854   0.995351   -336.752
         0          0          0          1

<-Total transform 43->iterations: 10, Init error: 12.0902, SBA error8.52319#
  0.994618 -0.0098415   0.103137    72.5574
 0.0115038   0.999813 -0.0155353   -46.6914
 -0.102965  0.0166381   0.994546   -333.632
         0          0          0          1

<-Total transform 45->iterations: 2, Init error: 11.1476, SBA error9.92912#
  0.993733 -0.0109316    0.11124    65.5531
  0.012883   0.999775 -0.0168391   -45.2267
 -0.111031  0.0181667   0.993651   -346.599
         0          0          0          1

<-Total transform 47->iterations: 21, Init error: 9.84632, SBA error7.16677#
  0.992946 -0.0121378   0.117946    59.4482
 0.0143601   0.999735 -0.0180097   -43.7028
 -0.117696  0.0195764   0.992857   -347.219
         0          0          0          1

<-Total transform 49->iterations: 2, Init error: 14.2579, SBA error12.7748#
  0.992174 -0.0138684   0.124092    52.4063
 0.0164319   0.999672  -0.019658   -37.3261
 -0.123779  0.0215432   0.992076   -354.927
         0          0          0          1

<-Total transform 51->iterations: 2, Init error: 18.9634, SBA error16.2808#
  0.990943 -0.0152566   0.133416    43.1454
 0.0184354   0.999574 -0.0226233   -34.9142
 -0.133014   0.024878   0.990802    -356.93
         0          0          0          1

<-Total transform 53->iterations: 2, Init error: 12.8437, SBA error11.8546#
  0.990577 -0.0176052   0.135824    38.0889
 0.0208335   0.999532 -0.0223833   -35.4898
 -0.135366   0.025002    0.99048   -356.706
         0          0          0          1

<-Total transform 55->iterations: 37, Init error: 11.8331, SBA error9.47472#
  0.990161 -0.0189479   0.138647    34.2376
 0.0222405   0.999505 -0.0222369   -35.3456
 -0.138157  0.0251017   0.990092   -359.826
         0          0          0          1

<-Total transform 57->iterations: 6, Init error: 23.6698, SBA error8.65544#
  0.989965 -0.0164991   0.140343     29.415
  0.020203   0.999483 -0.0250076   -29.7498
 -0.139858   0.027592   0.989787   -357.103
         0          0          0          1

<-Total transform 59->iterations: 20, Init error: 9.4247, SBA error6.64329#
   0.98949 -0.0143393   0.143885    26.6703
 0.0183632   0.999475 -0.0266771   -32.4936
 -0.143427  0.0290389   0.989235   -408.745
         0          0          0          1

<-Total transform 61->iterations: 2, Init error: 10.3565, SBA error9.52105#
  0.988909 -0.0142773   0.147833     22.386
 0.0183532   0.999487 -0.0262438   -32.6643
 -0.147382  0.0286659   0.988664   -422.882
         0          0          0          1

<-Total transform 63->iterations: 16, Init error: 12.0915, SBA error11.8895#
  0.988542 -0.0127739   0.150404    21.3392
 0.0170515   0.999485 -0.0271855   -32.5334
 -0.149979  0.0294386   0.988251   -440.436
         0          0          0          1

<-Total transform 65->iterations: 13, Init error: 13.9208, SBA error10.9417#
  0.988182   -0.01134   0.152864    14.5953
 0.0157502   0.999493 -0.0276701    -33.224
 -0.152473  0.0297508    0.98786   -453.624
         0          0          0          1

<-Total transform 67->iterations: 9, Init error: 28.9621, SBA error23.7483#
  0.988146 -0.0113477   0.153097    5.48336
 0.0157489   0.999496 -0.0275657   -33.2882
 -0.152707    0.02965   0.987827   -473.237
         0          0          0          1

<-Total transform 69->iterations: 40, Init error: 22.6787, SBA error13.2898#
  0.987754  -0.010016   0.155699   -7.42295
 0.0145222   0.999507 -0.0278311   -28.8466
 -0.155343  0.0297514   0.987412   -465.558
         0          0          0          1

<-Total transform 71->iterations: 20, Init error: 18.4849, SBA error13.9914#
   0.987233 -0.00980212    0.158983    -18.9638
  0.0144421    0.999502   -0.028056    -28.6182
  -0.158629   0.0299939    0.986883    -463.716
          0           0           0           1

<-Total transform 73->iterations: 9, Init error: 11.8832, SBA error8.66446#
  0.986628 -0.0100779   0.162675   -27.6574
 0.0148722   0.999489 -0.0282805   -28.4414
 -0.162307  0.0303217   0.986274   -460.556
         0          0          0          1

<-Total transform 75->iterations: 28, Init error: 9.23047, SBA error8.1937#
   0.986092 -0.00994951    0.165903    -30.3503
  0.0148874    0.999482   -0.028547    -28.3181
  -0.165533   0.0306198    0.985729    -462.897
          0           0           0           1

<-Total transform 77->iterations: 2, Init error: 9.04105, SBA error7.81249#
  0.985996 -0.0104779   0.166441   -32.4269
 0.0153551   0.999489 -0.0280433   -28.0822
 -0.166062  0.0302063   0.985653   -460.819
         0          0          0          1

<-Total transform 79->iterations: 5, Init error: 8.89577, SBA error5.07189#
   0.985934 -0.00824819    0.166929    -24.4524
  0.0133609    0.999475   -0.029528    -37.0877
  -0.166598    0.031343    0.985527    -465.788
          0           0           0           1

<-Total transform 81->iterations: 22, Init error: 13.3283, SBA error6.70806#
   0.985865 -0.00673279    0.167404    -21.8617
  0.0120203     0.99946   -0.030592    -49.6417
  -0.167107   0.0321718    0.985414    -492.079
          0           0           0           1

<-Total transform 83->iterations: 14, Init error: 9.0035, SBA error7.452#
 0.985826 -0.006852  0.167631  -24.6821
0.0121738  0.999453  -0.03074  -49.3382
-0.167329  0.032345   0.98537  -501.704
        0         0         0         1

<-Total transform 85->iterations: 25, Init error: 7.92213, SBA error7.7587#
   0.985551 -0.00698841    0.169232    -23.5667
  0.0124682    0.999431  -0.0313394    -48.9562
  -0.168917   0.0329967    0.985078    -500.137
          0           0           0           1

<-Total transform 87->iterations: 23, Init error: 7.06152, SBA error6.63947#
   0.985092 -0.00618573    0.171918    -22.2572
  0.0119505      0.9994  -0.0325172      -49.01
  -0.171613    0.034087    0.984574    -509.714
          0           0           0           1

<-Total transform 89->iterations: 11, Init error: 10.435, SBA error9.14535#
   0.984908 -0.00666561    0.172953      -22.31
  0.0125659    0.999375  -0.0330428    -48.6415
  -0.172625   0.0347174    0.984376    -520.041
          0           0           0           1

<-Total transform 91->iterations: 31, Init error: 15.3411, SBA error13.9298#
  0.984834  -0.007087   0.173354   -25.9246
 0.0131283   0.999345 -0.0337278   -48.2144
 -0.173002  0.0354921   0.984282   -524.304
         0          0          0          1

<-Total transform 93->iterations: 2, Init error: 22.3419, SBA error19.2813#
   0.984506 -0.00680504    0.175218    -24.3309
  0.0132981    0.999267    -0.03591     -49.127
  -0.174845   0.0376836    0.983875    -540.761
          0           0           0           1

<-Total transform 95->iterations: 4, Init error: 8.84966, SBA error6.90782#
  0.984157 -0.0069214   0.177164    -30.159
 0.0138994   0.999174 -0.0381764    -47.762
 -0.176754   0.040034   0.983441   -547.165
         0          0          0          1

<-Total transform 97->iterations: 3, Init error: 15.8163, SBA error14.7939#
   0.984109 -0.00770909    0.177396    -32.1207
  0.0147325    0.999157  -0.0383087    -42.1787
  -0.176951   0.0403134    0.983394    -544.639
          0           0           0           1

<-Total transform 99->iterations: 1, Init error: 7.26461, SBA error7.26461#
  0.983936 -0.0072477   0.178375   -32.6899
 0.0147265   0.999065 -0.0406393   -40.9154
 -0.177914  0.0426133   0.983123   -544.701
         0          0          0          1

<-Total transform 101->iterations: 26, Init error: 9.48689, SBA error7.5693#
   0.984379 -0.00686561    0.175929    -20.8066
  0.0140732     0.99911  -0.0397541    -42.8236
  -0.175499    0.041609      0.9836     -556.14
          0           0           0           1

<-Total transform 103->iterations: 3, Init error: 7.47547, SBA error7.01171#
   0.983706 -0.00565235    0.179694    -22.1092
  0.0130029    0.999125  -0.0397546    -43.0586
  -0.179312   0.0414434    0.982919    -559.804
          0           0           0           1

<-Total transform 105->iterations: 4, Init error: 40.9764, SBA error29.9608#
   0.983129 -0.00917771    0.182686    -16.0314
  0.0161879    0.999187   -0.036919    -40.4537
  -0.182198   0.0392535    0.982478    -560.307
          0           0           0           1

<-Total transform 107->iterations: 1, Init error: 39.1005, SBA error39.1005#
   0.982734 -0.00942064    0.184786    -17.2091
  0.0162803    0.999232  -0.0356403    -41.1543
  -0.184308   0.0380333    0.982132    -560.221
          0           0           0           1

<-Total transform 109->iterations: 1, Init error: 31.542, SBA error31.542#
  0.982567 -0.0122167   0.185506   -17.4468
 0.0184134   0.999327 -0.0317181   -43.1423
 -0.184993   0.034581   0.982131   -560.064
         0          0          0          1

<-Total transform 111->iterations: 4, Init error: 17.3683, SBA error10.905#
  0.982746 -0.0153507   0.184322   -9.39397
 0.0206998   0.999418 -0.0271314   -43.9075
 -0.183798  0.0304787   0.982491   -584.101
         0          0          0          1

<-Total transform 113->iterations: 2, Init error: 25.0293, SBA error22.0203#
  0.981951 -0.0187763     0.1882    -10.293
 0.0236717   0.999436 -0.0237979   -43.0816
 -0.187647  0.0278234   0.981842   -588.277
         0          0          0          1

<-Total transform 115->iterations: 2, Init error: 12.4473, SBA error8.10134#
  0.981553 -0.0191044   0.190231   -8.29822
 0.0240659   0.999427 -0.0238052   -42.8275
 -0.189667  0.0279442   0.981451   -597.472
         0          0          0          1

<-Total transform 117->iterations: 2, Init error: 10.6969, SBA error10.6568#
  0.981247 -0.0195534   0.191759   -6.96994
  0.024331   0.999449 -0.0225913    -41.614
 -0.191211  0.0268333   0.981182   -625.687
         0          0          0          1

<-Total transform 119->iterations: 19, Init error: 17.7414, SBA error11.8516#
  0.980527 -0.0202508   0.195336   -15.5747
 0.0249981   0.999448 -0.0218681   -39.7789
 -0.194785  0.0263253   0.980493    -636.42
         0          0          0          1

<-Total transform 121->iterations: 16, Init error: 20.9253, SBA error14.1956#
  0.979881 -0.0219885    0.19837   -26.2127
 0.0264738    0.99945 -0.0199865   -35.8725
 -0.197821   0.024836   0.979923   -643.928
         0          0          0          1

<-Total transform 123->iterations: 3, Init error: 20.8284, SBA error9.66061#
  0.979526 -0.0230345   0.199993   -39.4118
 0.0268923   0.999501 -0.0165937   -36.5314
 -0.199511  0.0216323   0.979657    -646.71
         0          0          0          1

<-Total transform 125->iterations: 4, Init error: 9.42127, SBA error7.62533#
  0.979465 -0.0228817    0.20031   -46.1467
 0.0263332   0.999547 -0.0145832   -38.0584
 -0.199885  0.0195586   0.979624   -647.444
         0          0          0          1

<-Total transform 127->iterations: 16, Init error: 12.8111, SBA error12.6331#
  0.979383 -0.0217984   0.200833   -43.7785
 0.0250842    0.99959 -0.0138303     -38.65
 -0.200449  0.0185829   0.979528   -650.055
         0          0          0          1

<-Total transform 129->iterations: 9, Init error: 8.96035, SBA error8.86104#
  0.979999 -0.0201477   0.197978   -40.0621
 0.0226525   0.999689 -0.0103951   -41.0853
 -0.197707  0.0146719   0.980151   -650.402
         0          0          0          1

<-Total transform 131->iterations: 36, Init error: 15.696, SBA error13.9578#
   0.980138  -0.0186445    0.197438    -34.0618
  0.0209009    0.999738 -0.00935089    -42.0218
  -0.197212   0.0132918    0.980271    -651.892
          0           0           0           1

<-Total transform 133->iterations: 7, Init error: 13.1677, SBA error9.45231#
  0.980614 -0.0158766   0.195306   -28.3134
 0.0178987   0.999803 -0.0085929   -39.2886
 -0.195131   0.011922   0.980705   -629.748
         0          0          0          1

<-Total transform 135->iterations: 27, Init error: 15.4225, SBA error12.6972#
   0.981307  -0.0127593    0.192024    -16.2772
  0.0146867    0.999855 -0.00861764    -36.1616
  -0.191886   0.0112768    0.981352    -618.723
          0           0           0           1

<-Total transform 137->iterations: 6, Init error: 8.58911, SBA error4.69459#
   0.981693  -0.0100741    0.190204    -10.8093
  0.0118452    0.999896 -0.00817699    -45.7201
  -0.190102   0.0102803     0.98171    -643.774
          0           0           0           1

<-Total transform 139->iterations: 23, Init error: 8.70747, SBA error8.27764#
   0.981801 -0.00920959    0.189687    -5.22652
  0.0110329    0.999903 -0.00855823    -46.2387
   -0.18959   0.0104953    0.981807    -650.803
          0           0           0           1

<-Total transform 141->iterations: 5, Init error: 12.4599, SBA error5.24274#
   0.981646 -0.00718769    0.190576     9.58535
 0.00902628    0.999921 -0.00878125    -58.2707
  -0.190498   0.0103403    0.981633    -680.015
          0           0           0           1

<-Total transform 143->iterations: 2, Init error: 8.909, SBA error8.30888#
   0.981504 -0.00575407    0.191355     13.7808
 0.00736194    0.999943  -0.0076927    -60.2259
    -0.1913  0.00895916    0.981491    -690.007
          0           0           0           1

<-Total transform 145->iterations: 9, Init error: 18.4256, SBA error4.93087#
   0.981369 -0.00417122    0.192086     12.5572
  0.0056448    0.999959 -0.00712484    -73.3891
  -0.192048  0.00807638    0.981352    -702.906
          0           0           0           1

<-Total transform 147->iterations: 3, Init error: 85.7815, SBA error51.0167#
   0.980557 -0.00204425    0.196224     11.6041
 0.00364188    0.999963 -0.00778141    -98.5931
  -0.196201  0.00834474    0.980528    -663.379
          0           0           0           1

<-Total transform 149->iterations: 20, Init error: 29.0987, SBA error12.5409#
   0.979843 0.000601056    0.199766     5.89876
 0.00151961    0.999944  -0.0104622    -104.052
  -0.199761   0.0105549    0.979788    -622.361
          0           0           0           1

<-Total transform 151->iterations: 5, Init error: 72.3968, SBA error49.9819#
   0.979563  0.00325294     0.20111     14.2771
-0.00132328    0.999952 -0.00972874    -119.275
  -0.201132   0.0092638     0.97952    -596.021
          0           0           0           1

<-Total transform 153->iterations: 9, Init error: 13.9126, SBA error4.61006#
   0.978621  0.00839385    0.205502     12.3405
-0.00589104    0.999901  -0.0127878    -124.887
  -0.205589   0.0113038    0.978573    -606.967
          0           0           0           1

<-Total transform 155->iterations: 3, Init error: 11.9982, SBA error10.7069#
    0.97844  0.00847532    0.206359     9.07682
-0.00565643    0.999883  -0.0142463    -123.792
  -0.206456   0.0127719    0.978373    -607.556
          0           0           0           1

<-Total transform 157->iterations: 28, Init error: 23.2133, SBA error20.04#
  0.978334 0.00822361    0.20687    7.09751
-0.0051534   0.999869 -0.0153758   -123.103
 -0.206969  0.0139765   0.978248   -612.251
         0          0          0          1

<-Total transform 159->iterations: 25, Init error: 22.6609, SBA error13.6534#
   0.978136  0.00732804    0.207835   -0.982257
-0.00386833    0.999847   -0.017048    -119.325
  -0.207928   0.0158713    0.978015    -604.702
          0           0           0           1

<-Total transform 161->iterations: 3, Init error: 13.8913, SBA error9.06581#
    0.977729   0.00486762     0.209815     -11.6484
-0.000978242     0.999826    -0.018637     -117.557
   -0.209869    0.0180167     0.977563     -608.151
           0            0            0            1

<-Total transform 163->iterations: 31, Init error: 9.88514, SBA error8.28098#
   0.977569  0.00289018    0.210594     -14.179
0.000805937    0.999847  -0.0174629    -117.927
  -0.210612    0.017241    0.977418    -607.835
          0           0           0           1

<-Total transform 165->iterations: 3, Init error: 14.5724, SBA error10.0957#
   0.977131 0.000593093    0.212639    -24.5551
  0.0027063     0.99988   -0.015225    -117.907
  -0.212622   0.0154523    0.977012    -612.068
          0           0           0           1

<-Total transform 167->iterations: 2, Init error: 12.12, SBA error10.944#
     0.97642 2.41484e-005     0.215878     -21.5167
  0.00333303     0.999879   -0.0151872     -115.724
   -0.215853    0.0155486     0.976302     -610.787
           0            0            0            1

<-Total transform 169->iterations: 2, Init error: 9.99007, SBA error9.89594#
   0.975462 -0.00191792    0.220161    -17.4041
 0.00508935    0.999891  -0.0138388    -109.747
   -0.22011   0.0146197    0.975365    -624.874
          0           0           0           1

<-Total transform 171->iterations: 2, Init error: 25.1228, SBA error20.8564#
   0.974849 -0.00745677    0.222744    -5.90356
  0.0100996    0.999891  -0.0107281    -102.737
  -0.222639   0.0127079    0.974818    -639.365
          0           0           0           1

<-Total transform 173->iterations: 2, Init error: 11.3016, SBA error11.0974#
   0.974057  -0.0111518    0.226027    -5.37839
  0.0136184    0.999863 -0.00935654    -102.251
  -0.225891   0.0121919    0.974076    -647.867
          0           0           0           1

<-Total transform 175->iterations: 2, Init error: 8.77531, SBA error8.42667#
  0.973737  -0.012902   0.227308   -4.33036
 0.0151846    0.99985 -0.0082962   -101.134
 -0.227167  0.0115299   0.973787   -657.617
         0          0          0          1

<-Total transform 177->iterations: 3, Init error: 28.316, SBA error19.0411#
   0.974379  -0.0123724     0.22457    -10.4562
  0.0145313    0.999863 -0.00796338    -108.299
  -0.224441   0.0110227    0.974425    -643.477
          0           0           0           1

<-Total transform 179->iterations: 40, Init error: 9.47213, SBA error6.15996#
  0.973595 -0.0113302      0.228   -12.4996
 0.0141424   0.999843  -0.010704   -108.859
 -0.227843  0.0136459   0.973602   -646.044
         0          0          0          1

<-Total transform 181->iterations: 2, Init error: 17.6126, SBA error16.0006#
  0.971066 -0.0121324   0.238504   -25.9561
  0.016334   0.999744 -0.0156482   -102.951
 -0.238253  0.0190912   0.971015   -645.509
         0          0          0          1

<-Total transform 183->iterations: 2, Init error: 6.76605, SBA error6.1549#
  0.970333 -0.0165733   0.241204   -24.2961
 0.0206588   0.999683 -0.0144186   -102.342
 -0.240889  0.0189738   0.970367   -649.514
         0          0          0          1

<-Total transform 185->iterations: 2, Init error: 17.4769, SBA error16.589#
  0.970169  -0.018839   0.241697   -21.1676
 0.0226395    0.99966 -0.0129566   -98.2031
 -0.241371   0.018042   0.970265   -660.729
         0          0          0          1

<-Total transform 187->iterations: 3, Init error: 23.0592, SBA error12.5382#
  0.968833 -0.0142243   0.247305   -11.9017
 0.0192061   0.999658 -0.0177436   -116.519
 -0.246968  0.0219404   0.968775   -706.629
         0          0          0          1

<-Total transform 189->iterations: 7, Init error: 29.8174, SBA error6.72883#
   0.967204 -0.00842824    0.253861   -0.598609
  0.0149464    0.999606  -0.0237583    -115.188
  -0.253561   0.0267734    0.966949    -763.175
          0           0           0           1

<-Total transform 191->iterations: 2, Init error: 12.2579, SBA error11.4634#
  0.967916 -0.0104928   0.251055    6.89586
  0.016486   0.999627 -0.0217807   -115.978
 -0.250732  0.0252208   0.967728   -779.059
         0          0          0          1

<-Total transform 193->iterations: 1, Init error: 14.3717, SBA error14.3717#
  0.967612 -0.0082386   0.252307    5.59002
 0.0143221   0.999649 -0.0222844   -116.036
 -0.252035  0.0251762   0.967391    -779.06
         0          0          0          1

<-Total transform 195->iterations: 6, Init error: 26.1744, SBA error20.0002#
  0.966343 -0.0036535   0.257231    1.74415
0.00957284   0.999717 -0.0217633   -110.965
 -0.257078  0.0234932   0.966105   -796.592
         0          0          0          1

<-Total transform 197->iterations: 32, Init error: 55.3756, SBA error36.4439#
   0.965601 -0.00258668    0.260017    -12.7624
 0.00785194    0.999785   -0.019213     -105.81
  -0.259911   0.0205938    0.965413    -763.236
          0           0           0           1

<-Total transform 199->iterations: 14, Init error: 27.5721, SBA error24.046#
    0.96449 -0.00745125    0.264016    -22.4368
  0.0129519    0.999734  -0.0191001    -106.558
  -0.263803   0.0218414    0.964329     -763.77
          0           0           0           1

<-Total transform 201->iterations: 3, Init error: 33.6712, SBA error9.74839#
    0.96405 -0.00669475    0.265635    -39.5668
   0.011711    0.999782  -0.0173046    -112.822
  -0.265461   0.0197934    0.963918    -769.526
          0           0           0           1

<-Total transform 203->iterations: 20, Init error: 42.4425, SBA error4.94443#
    0.963829 -0.000140864      0.26652     -55.3162
  0.00438138     0.999873   -0.0153161     -121.779
   -0.266484    0.0159299     0.963708     -776.656
           0            0            0            1

<-Total transform 205->iterations: 7, Init error: 59.7933, SBA error5.34351#
   0.962424  0.00867419    0.271413    -71.9287
-0.00377889    0.999821  -0.0185538    -139.655
  -0.271525    0.016831    0.962284    -764.897
          0           0           0           1

<-Total transform 207->iterations: 28, Init error: 48.8291, SBA error2.82263#
   0.959221   0.0142118    0.282301    -88.4807
-0.00670123    0.999598  -0.0275526    -158.056
  -0.282579   0.0245372     0.95893    -778.051
          0           0           0           1

<-Total transform 209->iterations: 2, Init error: 37.2829, SBA error27.8257#
   0.957519   0.0100711    0.288194    -106.303
0.000134309    0.999374  -0.0353699    -148.745
   -0.28837   0.0339061    0.956919    -780.398
          0           0           0           1

<-Total transform 211->iterations: 6, Init error: 32.9693, SBA error5.84412#
    0.956287    0.0121401     0.292177     -121.244
-0.000373726     0.999188   -0.0402938     -162.022
   -0.292428    0.0384232     0.955515     -803.608
           0            0            0            1

<-Total transform 213->iterations: 5, Init error: 24.2479, SBA error4.3043#
   0.954121   0.0158381    0.299001    -137.821
-0.00191585    0.998903  -0.0467984    -164.878
  -0.299414   0.0440785    0.953105    -813.305
          0           0           0           1

<-Total transform 215->iterations: 10, Init error: 25.9449, SBA error21.9926#
  0.952004  0.0107237   0.305896   -152.138
0.00513657   0.998686 -0.0509965   -162.391
 -0.306041  0.0501201   0.950698   -817.808
         0          0          0          1

<-Total transform 217->iterations: 26, Init error: 26.5037, SBA error26.2907#
  0.949036 0.00440545   0.315136   -157.167
 0.0119642   0.998678 -0.0499913   -162.744
  -0.31494  0.0512139   0.947729   -821.077
         0          0          0          1

<-Total transform 219->iterations: 35, Init error: 77.7299, SBA error74.9204#
  0.945901  -0.001166   0.324455   -165.934
 0.0184028   0.998577 -0.0500621   -162.903
 -0.323934  0.0533246   0.944576   -827.091
         0          0          0          1

<-Total transform 221->iterations: 68, Init error: 135.406, SBA error130.868#
    0.94334 -0.00613775    0.331771    -175.736
  0.0255559    0.998203  -0.0541978    -159.975
  -0.330842   0.0596056    0.941802    -825.991
          0           0           0           1

<-Total transform 223->iterations: 9, Init error: 12.4085, SBA error12.0729#
  0.941007 -0.0127125   0.338147   -177.739
 0.0329161   0.997994 -0.0540807   -159.259
 -0.336782  0.0620209   0.939538   -827.254
         0          0          0          1

<-Total transform 225->iterations: 1, Init error: 23.3541, SBA error23.3541#
  0.938271 -0.0177699   0.345445   -183.025
 0.0386082   0.997819 -0.0535362    -159.07
  -0.34374  0.0635685   0.936911   -826.137
         0          0          0          1

<-Total transform 227->iterations: 2, Init error: 18.516, SBA error15.6473#
  0.934894 -0.0225269   0.354212   -193.016
 0.0443686   0.997573 -0.0536619   -153.837
 -0.352143  0.0658841   0.933624    -835.61
         0          0          0          1

<-Total transform 229->iterations: 6, Init error: 16.2544, SBA error10.2624#
  0.932327 -0.0303522   0.360341   -202.759
 0.0522453   0.997322 -0.0511703   -154.235
 -0.357823  0.0665336   0.931416   -851.673
         0          0          0          1

<-Total transform 231->iterations: 2, Init error: 10.9518, SBA error8.67979#
  0.929878 -0.0366227   0.366041    -202.75
 0.0592041    0.99696 -0.0506534   -151.778
 -0.363073  0.0687726   0.929219   -864.282
         0          0          0          1

<-Total transform 233->iterations: 2, Init error: 13.8318, SBA error11.8857#
  0.928694 -0.0402372   0.368657   -202.545
 0.0635618   0.996656   -0.05134   -148.724
 -0.365358  0.0711116   0.928147   -868.308
         0          0          0          1

<-Total transform 235->iterations: 3, Init error: 8.86602, SBA error6.69935#
  0.928753 -0.0402794   0.368505    -200.71
 0.0635555   0.996662 -0.0512405   -148.728
 -0.365211  0.0710103   0.928212   -877.678
         0          0          0          1

<-Total transform 237->iterations: 7, Init error: 12.782, SBA error5.69583#
  0.927716 -0.0380012   0.371347   -205.203
 0.0619903   0.996675 -0.0528738   -142.883
 -0.368103  0.0720718   0.926988   -886.851
         0          0          0          1

<-Total transform 239->iterations: 23, Init error: 14.9077, SBA error11.5942#
  0.925639 -0.0410495   0.376176   -210.708
 0.0676999   0.996024 -0.0578967   -137.554
 -0.372304  0.0790585   0.924738   -890.081
         0          0          0          1

<-Total transform 241->iterations: 21, Init error: 20.6173, SBA error15.1407#
  0.925277 -0.0405632   0.377118   -218.961
 0.0682692   0.995838 -0.0603884   -135.045
 -0.373098  0.0816215   0.924195   -885.375
         0          0          0          1

<-Total transform 243->iterations: 33, Init error: 20.034, SBA error4.77064#
  0.924199 -0.0379299   0.380024   -229.982
  0.067297    0.99566 -0.0642866   -132.965
 -0.375936   0.084988    0.92274   -892.371
         0          0          0          1

<-Total transform 245->iterations: 6, Init error: 8.62344, SBA error5.85691#
  0.923382 -0.0343872   0.382338    -225.71
 0.0652824   0.995539 -0.0681253   -139.088
  -0.37829  0.0878657   0.921508   -908.127
         0          0          0          1

<-Total transform 247->iterations: 16, Init error: 21.5217, SBA error10.4493#
  0.922082 -0.0329915   0.385585   -232.491
 0.0635653   0.995739 -0.0668115    -148.52
 -0.381738  0.0861156    0.92025    -930.52
         0          0          0          1

<-Total transform 249->iterations: 23, Init error: 16.3162, SBA error10.5934#
  0.920693 -0.0315887   0.389007   -228.716
 0.0613415   0.996044 -0.0642996   -156.601
 -0.385436  0.0830624   0.918988   -943.518
         0          0          0          1

<-Total transform 251->iterations: 53, Init error: 18.3002, SBA error8.22637#
  0.919823 -0.0271362   0.391395   -237.995
 0.0565175   0.996365 -0.0637426   -163.725
 -0.388242  0.0807525   0.918013   -967.645
         0          0          0          1

<-Total transform 253->iterations: 6, Init error: 25.8039, SBA error5.38703#
  0.918481 -0.0249869   0.394675   -249.014
 0.0544044   0.996497 -0.0635207    -178.03
 -0.391705  0.0798146   0.916622   -979.853
         0          0          0          1

<-Total transform 255->iterations: 5, Init error: 12.0555, SBA error5.83443#
  0.916578 -0.0243956    0.39911    -256.95
 0.0540183   0.996542 -0.0631425   -179.936
 -0.396189  0.0794343   0.914726   -990.502
         0          0          0          1

<-Total transform 257->iterations: 2, Init error: 10.5913, SBA error10.0478#
  0.915073  -0.025899   0.402455   -260.976
 0.0551751   0.996592 -0.0613199   -178.247
 -0.399496  0.0783177   0.913384    -990.54
         0          0          0          1

<-Total transform 259->iterations: 19, Init error: 12.5176, SBA error7.29702#
  0.913648 -0.0250801   0.405731     -260.2
 0.0548136    0.99658  -0.061829   -184.047
 -0.402793  0.0787296   0.911899   -1002.36
         0          0          0          1

<-Total transform 261->iterations: 3, Init error: 8.49897, SBA error8.3832#
  0.911992 -0.0235803    0.40953   -259.664
 0.0544268   0.996476 -0.0638283   -182.152
 -0.406582  0.0805003   0.910061    -1003.9
         0          0          0          1

<-Total transform 263->iterations: 3, Init error: 8.99484, SBA error7.14263#
  0.910176  -0.024628    0.41349   -263.674
 0.0557923   0.996424 -0.0634619   -180.519
 -0.410448   0.080831   0.908295   -1010.44
         0          0          0          1

<-Total transform 265->iterations: 2, Init error: 8.81335, SBA error8.7359#
 0.907173  -0.02739  0.419866  -268.017
0.0585173  0.996394 -0.061434  -182.077
 -0.41667 0.0803006  0.905504  -1010.69
        0         0         0         1

<-Total transform 267->iterations: 39, Init error: 12.9735, SBA error12.2694#
  0.903161 -0.0306377   0.428207   -275.013
 0.0626604   0.996176 -0.0608863   -181.989
 -0.424704  0.0818218   0.901627    -1011.7
         0          0          0          1

<-Total transform 269->iterations: 22, Init error: 22.8816, SBA error20.9996#
  0.901222 -0.0303285   0.432296   -280.269
 0.0635183   0.996019 -0.0625412   -180.143
 -0.428678  0.0838221    0.89956   -1017.46
         0          0          0          1

<-Total transform 271->iterations: 38, Init error: 43.9621, SBA error11.3584#
  0.898219 -0.0279259    0.43866   -297.407
 0.0622038   0.996012 -0.0639632   -169.237
 -0.435125  0.0847393   0.896374   -1010.27
         0          0          0          1

<-Total transform 273->iterations: 17, Init error: 46.9373, SBA error28.1273#
  0.895764 -0.0278997   0.443653   -318.933
 0.0618427   0.996145 -0.0622205   -171.554
 -0.440207  0.0831717   0.894036   -1005.17
         0          0          0          1

<-Total transform 275->iterations: 7, Init error: 85.4104, SBA error66.421#
   0.89352 -0.0267028   0.448229   -347.799
 0.0610085   0.996193 -0.0622697   -165.583
  -0.44486  0.0829849   0.891747   -1004.52
         0          0          0          1

<-Total transform 277->iterations: 71, Init error: 148.422, SBA error13.4134#
 0.889656 -0.023574  0.456022  -389.663
0.0597302  0.996094 -0.065035  -147.085
-0.452707 0.0850971  0.887589  -1006.74
        0         0         0         1

<-Total transform 279->iterations: 37, Init error: 75.7605, SBA error51.3493#
  0.886136 -0.0230957   0.462849   -412.659
 0.0590847   0.996237 -0.0634079   -149.115
 -0.459643  0.0835353   0.884166   -1016.89
         0          0          0          1

<-Total transform 281->iterations: 2, Init error: 101.214, SBA error95.5782#
  0.884105  -0.023398   0.466703   -428.503
 0.0583154   0.996462 -0.0605132   -157.729
 -0.463636   0.080716   0.882341   -1021.82
         0          0          0          1

<-Total transform 283->iterations: 11, Init error: 78.6437, SBA error40.438#
  0.880614 -0.0213779   0.473352    -459.35
 0.0578376   0.996361 -0.0626016   -147.191
 -0.470291  0.0825054   0.878646   -1041.06
         0          0          0          1

<-Total transform 285->iterations: 17, Init error: 158.726, SBA error103.229#
  0.878874 -0.0209212   0.476595   -480.162
 0.0585811    0.99621 -0.0642967   -145.542
 -0.473444  0.0844281   0.876769   -1045.03
         0          0          0          1

<-Total transform 287->iterations: 5, Init error: 60.237, SBA error14.7931#
  0.876554 -0.0191292   0.480923   -515.399
 0.0614594   0.995479 -0.0724227   -123.015
 -0.477363  0.0930396   0.873766   -1042.27
         0          0          0          1

<-Total transform 289->iterations: 19, Init error: 15.7931, SBA error6.33762#
  0.873787 -0.0181708    0.48597   -521.637
 0.0656968   0.994552 -0.0809374   -121.819
 -0.481852   0.102649    0.87022   -1045.67
         0          0          0          1

<-Total transform 291->iterations: 3, Init error: 14.862, SBA error10.5679#
  0.873369 -0.0197327    0.48666   -520.805
 0.0696857   0.993962 -0.0847568   -114.234
 -0.482049   0.107937    0.86947   -1036.81
         0          0          0          1

<-Total transform 293->iterations: 34, Init error: 12.9284, SBA error12.4101#
  0.871533 -0.0226887   0.489811   -522.187
 0.0751414    0.99331 -0.0876894    -109.99
 -0.484545   0.113229   0.867407   -1042.86
         0          0          0          1

<-Total transform 295->iterations: 46, Init error: 25.538, SBA error17.3881#
  0.870054 -0.0260362   0.492269   -532.182
 0.0793023    0.99299 -0.0876423   -110.914
 -0.486536   0.115292    0.86602   -1043.78
         0          0          0          1

<-Total transform 297->iterations: 29, Init error: 25.3314, SBA error16.5946#
  0.869247 -0.0249658   0.493748   -543.816
 0.0802637   0.992601  -0.091115   -105.198
  -0.48782   0.118831   0.864818   -1042.52
         0          0          0          1

<-Total transform 299->iterations: 23, Init error: 8.55789, SBA error7.39064#
  0.864453 -0.0256313   0.502059   -553.001
 0.0834757   0.992153  -0.093078   -102.514
 -0.495734   0.122371    0.85981   -1035.41
         0          0          0          1

<-Total transform 301->iterations: 2, Init error: 77.4103, SBA error54.6595#
  0.862845 -0.0280926   0.504687   -554.959
  0.087818   0.991602 -0.0949433   -97.2287
 -0.497782   0.126242   0.858065   -1045.78
         0          0          0          1

<-Total transform 303->iterations: 2, Init error: 14.05, SBA error12.4123#
  0.863021  -0.028347   0.504372   -555.198
 0.0888962   0.991366 -0.0963911   -96.4689
 -0.497285   0.128024   0.858089   -1052.16
         0          0          0          1

<-Total transform 305->iterations: 6, Init error: 19.41, SBA error7.3041#
  0.862686 -0.0273851   0.504997   -545.037
  0.089048   0.991158 -0.0983718   -105.479
 -0.497838   0.129833   0.857497   -1054.29
         0          0          0          1

<-Total transform 307->iterations: 10, Init error: 18.6547, SBA error11.9723#
  0.861885 -0.0270128   0.506384   -541.814
 0.0893579   0.991045 -0.0992236   -109.873
 -0.499169   0.130769    0.85658   -1063.67
         0          0          0          1

<-Total transform 309->iterations: 2, Init error: 23.4623, SBA error22.1937#
  0.861784 -0.0298868   0.506394   -538.978
 0.0896407   0.991525 -0.0940325   -114.105
 -0.499292   0.126429    0.85716   -1067.17
         0          0          0          1

<-Total transform 311->iterations: 2, Init error: 10.6005, SBA error9.98291#
  0.861714  -0.030807   0.506458   -541.343
 0.0892376   0.991798 -0.0915043   -115.149
 -0.499485   0.124046   0.857396   -1065.07
         0          0          0          1

<-Total transform 313->iterations: 3, Init error: 30.1648, SBA error7.93173#
  0.860033 -0.0297196   0.509373   -558.148
 0.0916461   0.991065 -0.0969124   -114.126
 -0.501941    0.13003   0.855072   -1056.75
         0          0          0          1

<-Total transform 315->iterations: 2, Init error: 38.427, SBA error36.9343#
  0.859021 -0.0347811   0.510758   -548.317
 0.0979868   0.990414 -0.0973553   -100.812
 -0.502476   0.133678   0.854194   -1065.64
         0          0          0          1

<-Total transform 317->iterations: 2, Init error: 13.6485, SBA error11.6985#
  0.857684 -0.0374095   0.512815   -545.314
  0.101609   0.990013 -0.0977198   -99.4474
 -0.504038   0.135919    0.85292   -1070.97
         0          0          0          1

<-Total transform 319->iterations: 4, Init error: 17.5522, SBA error10.7364#
  0.855699 -0.0311538   0.516535   -535.089
 0.0972994   0.990069  -0.101473   -101.227
 -0.508244   0.137089   0.850232   -1073.35
         0          0          0          1

<-Total transform 321->iterations: 13, Init error: 8.62832, SBA error5.20243#
  0.854564 -0.0278638   0.518598    -529.79
 0.0936336   0.990463  -0.101076   -99.4982
 -0.510836   0.134934   0.849023   -1063.92
         0          0          0          1

<-Total transform 323->iterations: 2, Init error: 21.5235, SBA error20.9406#
 0.852925 -0.029169  0.521218   -531.73
0.0954433  0.990322 -0.100763  -96.0322
-0.513234   0.13569  0.847454  -1062.78
        0         0         0         1

<-Total transform 325->iterations: 20, Init error: 9.10478, SBA error8.15734#
 0.851091 -0.030254  0.524147  -535.331
0.0987492  0.989745 -0.103217  -92.6686
-0.515649  0.139606   0.84535  -1053.79
        0         0         0         1

<-Total transform 327->iterations: 2, Init error: 13.0437, SBA error12.6079#
  0.849047 -0.0306555   0.527427   -539.112
 0.0995317    0.98972    -0.1027   -89.2578
 -0.518856   0.139693   0.843371   -1051.37
         0          0          0          1

<-Total transform 329->iterations: 2, Init error: 7.88652, SBA error7.66528#
  0.844384 -0.0296861   0.534916   -547.378
  0.100131   0.989614  -0.103141   -88.6194
 -0.526298   0.140652   0.838586   -1046.75
         0          0          0          1

<-Total transform 331->iterations: 2, Init error: 15.8743, SBA error15.2741#
   0.84091 -0.0278366   0.540459   -554.381
  0.101075   0.989182  -0.106316    -86.509
 -0.531652   0.144029   0.834626   -1038.75
         0          0          0          1

<-Total transform 333->iterations: 3, Init error: 17.4953, SBA error12.3585#
  0.837325 -0.0261962   0.546078   -569.137
  0.100586   0.989182  -0.106781   -86.2921
 -0.537373   0.144338   0.830901   -1030.89
         0          0          0          1

<-Total transform 335->iterations: 4, Init error: 67.6704, SBA error27.482#
  0.830982 -0.0228054   0.555831   -608.077
 0.0989222   0.989293  -0.107301   -78.0356
 -0.547433   0.144149   0.824341   -1026.17
         0          0          0          1

<-Total transform 337->iterations: 25, Init error: 79.4454, SBA error44.8414#
  0.822806 -0.0235644   0.567834    -637.42
  0.101607   0.989142  -0.106183   -81.7302
 -0.559166   0.145064   0.816266   -995.174
         0          0          0          1

<-Total transform 339->iterations: 19, Init error: 43.4959, SBA error16.4181#
  0.818276 -0.0326203   0.573899   -655.864
  0.108842    0.98912 -0.0989682   -92.0285
 -0.564427   0.143448   0.812924   -976.334
         0          0          0          1

<-Total transform 341->iterations: 2, Init error: 34.09, SBA error32.0587#
  0.814018 -0.0318802   0.579963   -671.656
  0.110519   0.988752  -0.100769   -92.5027
 -0.570228   0.146125   0.808386   -964.484
         0          0          0          1

<-Total transform 343->iterations: 6, Init error: 29.7444, SBA error21.8597#
 0.808979  -0.03087  0.587026  -688.341
 0.111689  0.988501 -0.101936  -92.0304
-0.577129  0.148029  0.803125  -951.746
        0         0         0         1

<-Total transform 345->iterations: 3, Init error: 61.3817, SBA error34.8434#
  0.805805 -0.0340665   0.591201   -709.099
  0.115619   0.988181  -0.100647   -98.8215
 -0.580785   0.149456    0.80022   -947.664
         0          0          0          1

<-Total transform 347->iterations: 28, Init error: 55.443, SBA error24.1758#
  0.803376 -0.0372445   0.594306   -728.982
  0.119786   0.987748  -0.100025   -95.3229
   -0.5833   0.151547   0.797994   -945.373
         0          0          0          1

<-Total transform 349->iterations: 11, Init error: 13.4557, SBA error8.16227#
 0.801918 -0.034014  0.596465  -730.627
 0.118986   0.98747  -0.10366  -100.917
-0.585465  0.154098  0.795917      -943
        0         0         0         1

<-Total transform 351->iterations: 11, Init error: 25.4793, SBA error7.39834#
 0.799315 -0.026075  0.600346  -744.221
  0.11872  0.986219 -0.115232  -93.0214
-0.589068   0.16338  0.791395  -949.507
        0         0         0         1

<-Total transform 353->iterations: 8, Init error: 17.5291, SBA error5.1033#
 0.796541 -0.022502  0.604166  -759.892
 0.118083  0.985852 -0.118964  -85.7775
-0.592941  0.166101  0.787929  -930.804
        0         0         0         1

<-Total transform 355->iterations: 8, Init error: 11.8843, SBA error5.10062#
  0.793078 -0.0187163   0.608833   -767.984
  0.116727   0.985673   -0.12175   -82.1965
 -0.597831   0.167625     0.7839   -921.795
         0          0          0          1

<-Total transform 357->iterations: 4, Init error: 40.6975, SBA error14.2502#
   0.79085 -0.0176549   0.611755   -790.304
  0.118155   0.985183  -0.124313   -80.9655
 -0.600496   0.170595   0.781218   -928.499
         0          0          0          1

<-Total transform 359->iterations: 3, Init error: 46.0553, SBA error15.8418#
  0.788102 -0.0137051   0.615392   -804.287
  0.120024   0.983984  -0.131795   -89.2564
  -0.60373    0.17773   0.777125    -926.18
         0          0          0          1

<-Total transform 361->iterations: 39, Init error: 41.7834, SBA error8.83932#
  0.784847 -0.0113287   0.619586   -827.194
  0.118456   0.984139  -0.132058   -90.2016
 -0.608262   0.177039    0.77374   -935.195
         0          0          0          1

<-Total transform 363->iterations: 56, Init error: 39.7658, SBA error30.837#
  0.779978 -0.0120293   0.625691   -844.938
  0.121187   0.983793  -0.132156   -91.7328
 -0.613961   0.178904   0.768795   -919.448
         0          0          0          1

<-Total transform 365->iterations: 24, Init error: 16.7314, SBA error9.15866#
   0.76954 -0.0124837   0.638477   -865.624
  0.127813    0.98259  -0.134838   -88.9947
 -0.625677   0.185368   0.757738   -908.958
         0          0          0          1

<-Total transform 367->iterations: 2, Init error: 37.6112, SBA error29.1309#
  0.763043 -0.0123589   0.646229   -884.002
  0.130479   0.982178  -0.135281   -92.8681
  -0.63304   0.187545   0.751057   -897.617
         0          0          0          1

<-Total transform 369->iterations: 1, Init error: 19.9505, SBA error19.9505#
  0.755221 -0.0161317   0.655272   -893.286
  0.140172   0.980545  -0.137413   -90.9814
 -0.640307   0.195628   0.742789   -888.574
         0          0          0          1

<-Total transform 371->iterations: 1, Init error: 16.3079, SBA error16.3079#
  0.741939 -0.0236334   0.670051   -908.069
  0.150399   0.979777  -0.131977   -98.7038
 -0.653381   0.198694   0.730489   -872.622
         0          0          0          1

<-Total transform 373->iterations: 2, Init error: 15.9601, SBA error15.7291#
  0.733385 -0.0234325    0.67941   -915.264
  0.151044   0.980042  -0.129242   -102.216
 -0.662822   0.197405   0.722287   -858.556
         0          0          0          1

<-Total transform 375->iterations: 6, Init error: 15.0146, SBA error14.5621#
  0.725417 -0.0191099   0.688044   -923.583
  0.154432   0.978648  -0.135639   -94.4626
 -0.670761   0.204651   0.712879   -840.005
         0          0          0          1

<-Total transform 377->iterations: 1, Init error: 20.8648, SBA error20.8648#
 0.715038 -0.027477  0.698545  -933.088
 0.163776  0.978004 -0.129173  -103.333
-0.679631  0.206769   0.70381  -828.375
        0         0         0         1

<-Total transform 379->iterations: 2, Init error: 16.0862, SBA error15.7357#
  0.709637 -0.0293376   0.703957   -932.687
  0.164923   0.978292  -0.125483   -107.244
 -0.684994   0.205146    0.69907   -816.165
         0          0          0          1

<-Total transform 381->iterations: 2, Init error: 12.9285, SBA error12.0207#
   0.70429 -0.0281804   0.709353   -935.041
  0.166123   0.978011  -0.126084   -106.591
 -0.690202    0.20664   0.693485     -806.6
         0          0          0          1

<-Total transform 383->iterations: 2, Init error: 14.4911, SBA error10.9679#
  0.697895 -0.0327123   0.715453   -934.582
  0.170371   0.977863  -0.121479    -110.89
 -0.695641   0.206672   0.688019   -795.596
         0          0          0          1

<-Total transform 385->iterations: 4, Init error: 21.5088, SBA error17.3875#
  0.693429 -0.0250589   0.720089   -930.989
  0.164996   0.978362   -0.12484   -107.757
 -0.701379   0.205379   0.682559   -778.532
         0          0          0          1

<-Total transform 387->iterations: 129, Init error: 9.97002, SBA error9.15014#
  0.690585 -0.0167596   0.723057   -930.064
    0.1606   0.978326  -0.130711   -100.337
 -0.705195    0.20639   0.678309   -762.263
         0          0          0          1

<-Total transform 389->iterations: 32, Init error: 14.8456, SBA error7.44573#
 0.691592 -0.011986  0.722189  -933.247
 0.157452  0.978318 -0.134544  -84.7843
-0.704918   0.20676  0.678485  -744.487
        0         0         0         1

<-Total transform 391->iterations: 9, Init error: 32.5117, SBA error6.22675#
   0.691365 -0.00961499    0.722442    -943.614
    0.15545    0.978473    -0.13574    -64.6629
  -0.705585    0.206149    0.677977    -721.065
          0           0           0           1

<-Total transform 393->iterations: 11, Init error: 109.527, SBA error71.6602#
   0.690754 -0.00981548    0.723023    -956.953
   0.154304    0.978877   -0.134129    -63.7654
  -0.706434    0.204216    0.677678    -678.221
          0           0           0           1

<-Total transform 395->iterations: 18, Init error: 28.0513, SBA error27.3713#
   0.687815 -0.00971378    0.725821     -964.15
   0.157851    0.977984   -0.136496    -63.3296
  -0.708516    0.208456    0.674205    -663.585
          0           0           0           1

<-Total transform 397->iterations: 38, Init error: 19.3447, SBA error12.6085#
  0.686685 -0.0116968   0.726861   -973.133
    0.1603   0.977695  -0.135707   -66.1327
 -0.709061   0.209704   0.673243   -663.852
         0          0          0          1

<-Total transform 399->iterations: 18, Init error: 39.216, SBA error5.47081#
   0.684722 -0.00855827    0.728755    -987.667
   0.162433    0.976572    -0.14115    -61.9595
  -0.710473    0.215022     0.67007    -657.873
          0           0           0           1

<-Total transform 401->iterations: 5, Init error: 18.8256, SBA error15.8043#
   0.682239 -0.00929973     0.73107    -995.059
   0.167332    0.975365   -0.143748    -61.5563
  -0.711723    0.220401    0.666988    -651.113
          0           0           0           1

<-Total transform 403->iterations: 6, Init error: 16.5444, SBA error12.3993#
  0.683296 -0.0115404    0.73005    -998.21
  0.172535    0.97411  -0.146087   -60.7263
 -0.709463   0.225779   0.667597   -654.315
         0          0          0          1

<-Total transform 405->iterations: 1, Init error: 14.0711, SBA error14.0711#
   0.682176 -0.00871511    0.731136    -999.763
   0.178444    0.971679   -0.154912    -51.3927
   -0.70908    0.236144    0.664411    -652.742
          0           0           0           1

<-Total transform 407->iterations: 30, Init error: 16.5074, SBA error15.1073#
  0.678128 -0.0075345   0.734905   -999.348
  0.187249    0.96872   -0.16285   -43.8917
  -0.71069   0.248043   0.658326   -646.929
         0          0          0          1

<-Total transform 409->iterations: 1, Init error: 21.0125, SBA error21.0125#
   0.673563 -0.00661087      0.7391    -1003.33
   0.192919     0.96687   -0.167165    -39.8377
  -0.713509    0.255183    0.652523    -640.995
          0           0           0           1

<-Total transform 411->iterations: 32, Init error: 12.9838, SBA error12.525#
   0.671923 -0.00568008    0.740599    -1002.25
   0.197868    0.964999   -0.172118    -35.0178
    -0.7137    0.262191    0.649529    -638.164
          0           0           0           1

<-Total transform 413->iterations: 33, Init error: 12.7002, SBA error7.24452#
  0.668943 -0.0036346   0.743305   -1003.99
  0.203059   0.962845  -0.178037   -35.4862
  -0.71504   0.270031   0.644826   -641.703
         0          0          0          1

<-Total transform 415->iterations: 3, Init error: 16.9613, SBA error13.2129#
  0.663379 -0.0037385   0.748274   -1012.22
  0.206657   0.962011  -0.178405   -34.8129
  -0.71918   0.272986   0.638951   -636.378
         0          0          0          1

<-Total transform 417->iterations: 24, Init error: 20.8051, SBA error7.30327#
   0.660915 -0.00929429    0.750403    -1020.13
    0.21445    0.960567   -0.176979    -37.7234
  -0.719168    0.277892    0.636847    -637.268
          0           0           0           1

<-Total transform 419->iterations: 27, Init error: 15.0334, SBA error8.86736#
  0.657657 -0.0107618    0.75324   -1032.06
  0.218781   0.959529  -0.177309   -38.8137
 -0.720848   0.281403   0.633396   -636.692
         0          0          0          1

<-Total transform 421->iterations: 9, Init error: 15.584, SBA error11.5231#
  0.656145 -0.0140264   0.754505    -1036.8
  0.222601   0.958936  -0.175756   -36.7525
 -0.721056   0.283275   0.632323   -636.387
         0          0          0          1

<-Total transform 423->iterations: 3, Init error: 7.97161, SBA error7.82975#
  0.655031 -0.0148464   0.755456   -1039.17
   0.22477   0.958375  -0.176056   -36.7802
 -0.721396   0.285126   0.631103   -635.481
         0          0          0          1

<-Total transform 425->iterations: 26, Init error: 8.04514, SBA error7.1237#
  0.655103 -0.0163338   0.755363   -1035.56
  0.225166   0.958557  -0.174552   -38.3991
 -0.721207   0.284432   0.631632   -637.231
         0          0          0          1

<-Total transform 427->iterations: 19, Init error: 8.48144, SBA error8.05142#
  0.652491 -0.0187486   0.757565   -1034.31
  0.226399   0.958859  -0.171267   -42.5449
 -0.723187   0.283262   0.629891   -632.764
         0          0          0          1

<-Total transform 429->iterations: 3, Init error: 8.66836, SBA error7.95917#
  0.644467 -0.0213639   0.764334   -1043.08
  0.227636   0.959645  -0.165114   -49.8579
 -0.729962     0.2804   0.623323   -623.456
         0          0          0          1

<-Total transform 431->iterations: 2, Init error: 26.2607, SBA error24.0362#
  0.644651 -0.0249333    0.76407   -1038.25
  0.226596   0.960786  -0.159828   -47.8279
 -0.730123   0.276168   0.625022   -616.747
         0          0          0          1

<-Total transform 433->iterations: 7, Init error: 71.5341, SBA error56.0045#
   0.64107 -0.0280905   0.766968    -1035.1
  0.226598   0.961708  -0.154179   -50.0536
 -0.733269   0.272632   0.622887   -608.607
         0          0          0          1

<-Total transform 435->iterations: 2, Init error: 199.691, SBA error194.575#
  0.640076 -0.0387595   0.767333   -1030.44
  0.229119   0.962914  -0.142483   -62.0753
 -0.733353   0.267011   0.625219   -608.591
         0          0          0          1

<-Total transform 437->iterations: 17, Init error: 69.0538, SBA error5.95147#
  0.646185 -0.0378394   0.762243   -1000.61
   0.22177   0.964982    -0.1401   -73.6541
 -0.730249   0.259573   0.631948   -609.494
         0          0          0          1

<-Total transform 439->iterations: 3, Init error: 55.3453, SBA error24.5485#
  0.645983 -0.0378059   0.762415    -985.57
  0.215079   0.967323  -0.134266   -77.8979
 -0.732426   0.250713   0.633005   -594.399
         0          0          0          1

<-Total transform 441->iterations: 4, Init error: 41.1118, SBA error17.6154#
   0.64176 -0.0355502   0.766081   -969.389
  0.215739   0.966954  -0.135857   -91.5012
 -0.735935   0.252461   0.628222   -585.362
         0          0          0          1

<-Total transform 443->iterations: 3, Init error: 19.5265, SBA error17.0613#
  0.638736 -0.0325326   0.768738   -959.177
  0.215739     0.9666  -0.138349    -95.348
 -0.738561   0.254215   0.624421    -571.98
         0          0          0          1

<-Total transform 445->iterations: 2, Init error: 15.6034, SBA error15.2986#
  0.639004 -0.0317394   0.768548   -956.869
   0.21232   0.967609  -0.136572    -96.756
  -0.73932   0.250449   0.625045   -571.771
         0          0          0          1

<-Total transform 447->iterations: 1, Init error: 22.7715, SBA error22.7715#
  0.633199 -0.0271818   0.773512   -961.954
  0.209164   0.968208  -0.137199   -95.5426
 -0.745191   0.248665   0.618754   -563.382
         0          0          0          1

<-Total transform 449->iterations: 1, Init error: 15.5069, SBA error15.5069#
  0.624794 -0.0323333    0.78012   -966.265
  0.218908   0.966323  -0.135272    -99.273
 -0.749474   0.255292   0.610831   -555.301
         0          0          0          1

<-Total transform 451->iterations: 44, Init error: 12.2392, SBA error11.3437#
  0.620771 -0.0385618   0.783043   -967.555
  0.228556   0.964306  -0.133704   -102.709
 -0.749937   0.261969   0.607427   -552.254
         0          0          0          1

<-Total transform 453->iterations: 6, Init error: 13.9333, SBA error10.953#
  0.616871 -0.0398361   0.786056   -974.714
  0.231777   0.963626  -0.133056   -103.984
 -0.752163   0.264268   0.603666   -543.106
         0          0          0          1

<-Total transform 455->iterations: 5, Init error: 31.4132, SBA error10.407#
  0.611136 -0.0423912   0.790389   -992.817
  0.235848   0.962959  -0.130713   -107.787
 -0.755572   0.266295   0.598497   -534.886
         0          0          0          1

<-Total transform 457->iterations: 12, Init error: 36.6589, SBA error14.4717#
   0.59857 -0.0480012   0.799631   -1012.53
  0.244316   0.961584  -0.125161   -116.845
 -0.762905    0.27028   0.587303   -517.878
         0          0          0          1

<-Total transform 459->iterations: 47, Init error: 17.1081, SBA error11.8387#
  0.591693 -0.0496204   0.804635   -1020.56
  0.247421   0.961111  -0.122672   -120.428
 -0.767257   0.271667   0.580959   -508.085
         0          0          0          1

<-Total transform 461->iterations: 35, Init error: 18.396, SBA error13.4109#
  0.585835 -0.0474631    0.80904   -1029.61
  0.250125   0.960138  -0.124791   -118.661
 -0.770867   0.275467   0.574354   -494.777
         0          0          0          1

<-Total transform 463->iterations: 18, Init error: 28.1521, SBA error4.14626#
  0.579961 -0.0424072    0.81354   -1042.06
  0.251913   0.959034  -0.129594   -118.896
 -0.774716     0.2801   0.566885   -480.383
         0          0          0          1

<-Total transform 465->iterations: 23, Init error: 12.4576, SBA error7.60991#
  0.574203 -0.0410694   0.817682   -1050.96
   0.25495   0.958051  -0.130914   -116.436
 -0.778005   0.283639   0.560587   -471.706
         0          0          0          1

<-Total transform 467->iterations: 2, Init error: 18.1568, SBA error17.9845#
   0.56768 -0.0425796   0.822147    -1056.4
   0.25915   0.957134  -0.129368   -119.062
 -0.781397   0.286499    0.55438   -464.462
         0          0          0          1

<-Total transform 469->iterations: 3, Init error: 14.7682, SBA error12.5687#
  0.566231 -0.0426813   0.823141   -1056.54
  0.259072   0.957261  -0.128578   -115.964
 -0.782473   0.286058   0.553089   -458.408
         0          0          0          1

