-475.591 -523.645 2664 92 78 58
666.544 -199.539 1362.1 115 118 118
543.178 -167.856 1172.34 51 47 45
416.409 -152.802 1177.32 112 116 102
391.557 -104.257 1160.83 112 96 90
470.1 -37.7958 1218.87 250 235 214
529.585 -18.1436 1276.02 254 248 246
661.131 -15.9048 1325.86 107 131 115
-53.8091 23.9057 1065.7 254 254 218
-213.754 57.4881 998.197 255 244 218
-213.754 57.4881 998.197 255 244 218
-119.104 62.7107 1036 255 231 209
-175.497 78.4813 1030.91 132 123 119
-201.982 91.9145 1017.16 255 249 242
478.153 196.38 1313.7 64 67 52
-278.984 194.671 1023.43 63 25 14
524.813 326.282 1466.23 157 188 206
524.813 326.282 1466.23 157 188 206
490.592 315.982 1403.24 4 18 33
-254.814 242.257 1003.6 245 242 224
-84.3945 378.783 1089.93 16 19 32
-353.021 -453.702 1534.62 155 150 138
-736.984 -449.401 1570.06 66 83 74
-649.757 -362.864 1279.31 65 83 76
-334.676 -444.399 1603.98 79 81 66
-546.904 -347.152 1393.83 32 48 42
326.853 -180.462 1206.37 125 122 109
587.017 -164.06 1232.82 163 165 161
503.378 -149.802 1160.16 100 85 70
666.437 -84.6721 1263.33 211 226 209
381.167 -73.1773 1194.63 52 33 27
396.502 -66.3572 1223.06 154 128 124
477.013 -32.5589 1267.58 136 60 44
468.025 -16.4709 1369.73 81 55 44
512.049 33.2015 1254.82 255 248 238
416.107 33.7671 1266.9 131 115 114
553.609 36.9463 1255.5 255 251 239
-90.2625 45.1923 1055.81 154 92 72
-90.2625 45.1923 1055.81 154 92 72
-192.728 43.9781 1002.92 255 238 227
520.634 60.1752 1254.59 191 179 139
-262.871 53.4952 975.508 148 74 77
-254.034 58.0455 975.332 255 248 242
567.245 90.9483 1332.32 173 167 135
461.166 94.9377 1297.31 92 88 66
489.726 111.173 1294.86 202 205 177
-63.4208 105.267 1094.75 254 248 240
605.356 182.965 1368.52 168 188 186
-145.477 147.076 1066.52 83 39 23
456.031 180.235 1288.93 120 117 101
467.614 222.742 1508.3 66 74 72
638.767 213.608 1433.54 151 167 165
-50.5636 175.649 1130.45 241 203 161
482.81 245.869 1525.17 50 64 59
-131.029 181.158 1128.85 254 254 245
-125.46 186.221 1039.97 255 250 238
492.519 295.35 1501.24 65 90 82
516.425 320.861 1473.79 31 67 75
-272.105 241.06 1070.28 132 49 35
0.711105 278.802 1179.29 220 198 177
-140.43 297.437 1139.44 241 240 215
-116.721 274.06 1044.86 114 99 78
-227.98 306.271 1007.84 251 253 249
-270.743 353.158 1129.8 251 254 249
-270.406 382.506 1153.31 255 249 246
-211.07 453.44 1213.96 17 23 24
-248.82 465.35 1200.02 8 6 5
-64.7466 -413.777 1430.31 162 160 156
83.4934 -701.623 2575.28 147 119 84
-194.315 -375.323 1402.67 146 146 137
-194.315 -375.323 1402.67 146 146 137
-824.541 -443.647 1806.64 119 129 121
150.688 169.163 -886.227 181 161 135
458.263 -231.058 1189.64 90 49 40
633.583 -205.692 1199.04 241 242 220
-501.97 -123.089 763.916 6 11 5
419.143 -100.864 1185.65 255 253 254
696.025 -67.2332 1336.81 125 149 113
515.742 -48.8509 1255.76 137 104 84
435.049 -39.3567 1228.67 139 93 76
-263.039 7.72255 1030.04 207 180 152
-276.687 12.8369 1012.31 212 187 163
-287.932 18.4449 998.879 210 181 157
-114.779 17.3376 1061.94 72 24 11
-114.779 17.3376 1061.94 72 24 11
-57.9496 34.6485 1028.24 140 104 65
523.345 81.3666 1294.82 251 255 242
-151.213 67.5708 1041.7 255 249 245
-214.918 83.6981 1012.87 255 247 239
-255.694 98.2013 1004.26 255 242 219
618.03 167.266 1404.12 115 106 88
-83.065 127.56 1046.75 85 44 21
-83.065 127.56 1046.75 85 44 21
636.86 271.976 1437.12 160 175 175
-281.306 193.456 995.848 255 254 237
-116.36 261.858 1101.67 198 202 190
-116.36 261.858 1101.67 198 202 190
-69.4618 273.056 1102.71 196 192 190
-190.933 305.519 1158.2 175 117 109
-257.763 296.798 1092.84 254 251 248
-257.763 296.798 1092.84 254 251 248
-258.487 317.89 1075.25 249 245 247
-712.267 -324.312 1761.93 62 29 18
295.871 -206.336 1366.61 41 44 39
-889.672 -187.965 1592.82 66 70 64
439.748 -13.0699 1202.06 129 112 88
490.115 -13.4065 1286.93 255 250 240
-131.761 -5.51526 1010.48 65 22 7
530.079 18.434 1266.36 104 73 65
530.079 18.434 1266.36 104 73 65
442.918 31.8897 1259.8 240 241 243
442.918 31.8897 1259.8 240 241 243
391.424 45.3623 1159.41 28 14 12
557.196 51.7079 1305.37 255 248 232
599.232 216.289 1422.06 146 183 191
-19.9978 198.304 1143.91 252 253 255
611.91 311.182 1471.62 205 234 233
588.513 359.732 1429.45 227 250 249
564.762 382.572 1485.04 120 161 167
-116.735 447.763 1285.94 254 253 248
-108.202 358.645 1033.44 255 254 247
-250.18 418.619 1143.25 69 62 49
-46.2037 -390.771 1316.57 33 21 11
-739.565 -410.062 1491.92 61 67 59
-739.565 -410.062 1491.92 61 67 59
-767.224 -328.943 1500.16 80 81 70
-767.224 -328.943 1500.16 80 81 70
403.931 -265.761 1357.19 53 52 47
600.505 -72.5539 1265.78 157 151 125
600.505 -72.5539 1265.78 157 151 125
-181.859 18.9999 1002.12 240 187 160
-107.246 39.1572 914.568 219 196 173
-173.695 61.2654 1000.77 253 241 235
-175.816 200.872 1094.95 253 249 244
-264.4 241.487 1045.97 125 44 30
-265.397 267.536 1083.53 223 224 220
-265.109 301.281 1082.3 243 243 243
-357.679 -427.884 1253.57 112 107 98
277.966 -752.211 2437.1 84 83 79
32.0484 -201.186 672.708 76 81 67
32.0484 -201.186 672.708 76 81 67
-607.811 -365.69 1386.41 139 149 142
-610.947 -293.657 1200.33 129 147 140
-200.014 24.719 954.933 232 170 138
-248.049 53.2764 995.51 249 236 226
-320.016 68.8826 985.399 115 69 63
-310.66 91.7324 986.545 240 220 218
-161.154 107.679 1052.69 137 92 80
-161.154 107.679 1052.69 137 92 80
-161.154 107.679 1052.69 137 92 80
-68.9265 114.269 1080.44 251 211 180
-201.965 133.451 1031.33 217 196 167
-153.314 139.739 1063.47 142 96 84
-153.314 139.739 1063.47 142 96 84
-153.314 139.739 1063.47 142 96 84
-236.585 143.707 1017.26 228 184 144
-108.241 176.701 1075.96 251 245 239
-191.512 203.889 1069.74 241 240 232
-191.512 203.889 1069.74 241 240 232
-376.213 -478.034 1469.86 140 148 144
-376.213 -478.034 1469.86 140 148 144
569.07 -463.492 1461.19 48 42 38
-140.352 176.303 1068.66 118 96 79
-234.811 377.056 1091.08 236 215 201
548.042 2.68533 1269.85 162 129 115
431.485 70.9437 1296.31 47 41 36
-218.442 91.4859 963.421 198 107 89
-292.84 131.2 1003.19 249 253 252
-292.84 131.2 1003.19 249 253 252
-292.84 131.2 1003.19 249 253 252
-645.132 -363.394 1341.19 78 82 77
-645.132 -363.394 1341.19 78 82 77
-374.568 -358.594 1727.35 193 171 149
-374.568 -358.594 1727.35 193 171 149
601.088 -207.799 1162.11 132 169 133
-556.145 -272.108 1544.24 73 58 35
439.179 -193.96 1155.3 63 67 61
610.446 -210.877 1281.52 86 82 82
282.901 -173.522 1234.74 63 52 42
666.038 31.3198 1294.02 129 138 124
-3.73788 162.236 1218.49 149 137 118
606.312 39.2876 1291.29 253 255 253
606.312 39.2876 1291.29 253 255 253
-0.61539 163.718 1248.52 147 135 116
520.11 343.276 1690.47 88 81 68
16.1393 498.514 1280.86 182 181 175
-180.439 -59.1915 1037.71 67 79 82
525.458 -175.234 1200.03 85 67 58
-669.651 -274.688 1601.32 75 59 41
-120.358 303.659 1254.9 208 216 201
470.9 121.142 1515.56 84 71 56
-157.646 148.493 1033.23 119 82 72
