204.966 -165.16 1843 107 115 86
-241.224 28.505 1158.25 92 72 50
-143.477 143.447 1126.94 65 17 6
98.6337 160.989 1325.04 249 232 220
-139.496 169.052 1130.59 49 11 8
82.7535 188.135 1255.78 255 253 237
82.7535 188.135 1255.78 255 253 237
-9.71618 182.767 1184.17 230 231 228
-25.0323 608.826 1258.68 45 59 51
-50.4319 476.085 941.174 30 39 32
336.769 -234.289 1741.19 110 112 112
191.328 -137.971 1694.91 41 31 11
448.406 -112.503 1892.46 163 155 133
124.499 -41.2826 1282.16 37 29 23
253.118 10.0229 1080.44 191 189 185
380.875 33.0126 1811.66 255 248 247
366.557 170.385 1849.65 89 85 73
422.56 184.122 1900.83 156 137 113
-147.971 126.705 1141.49 62 13 7
412.752 221.191 1896.48 222 218 197
249.34 -240.916 2027.06 112 98 92
409.274 -87.8167 1878.22 145 133 120
331.9 -32.0874 1829.25 86 41 27
-269.1 32.0845 1344.36 97 80 61
99.1822 34.3543 1309.05 255 255 237
468.534 137.747 1964.17 171 170 144
468.534 137.747 1964.17 171 170 144
-59.7849 114.781 1163.53 174 153 150
-59.7849 114.781 1163.53 174 153 150
87.4033 150.265 1281.9 181 139 120
1.82204 169.669 1102.65 248 253 255
-584.448 -139.966 852.749 140 146 135
-574.795 -120.966 970.84 135 144 137
34.4393 118.497 1168.59 249 255 238
75.7194 184.515 1245.36 224 235 218
114.239 199.323 1332 250 254 255
426.986 316.514 2063.54 250 255 254
-232.148 60.1025 1203.11 137 82 47
377.672 210.965 1866.88 70 54 39
427.678 317.231 2067.14 250 255 254
-556.36 -132.59 1174.72 47 36 23
460.913 -40.1354 1966.7 249 251 245
-100.957 79.0399 1113.61 42 25 26
-25.3625 115.944 1125.54 193 153 127
-547.757 -83.7751 860.437 62 68 70
-62.8395 -42.4822 1364.44 53 100 106
183.02 -26.1148 1684.04 75 67 55
3.99178 154.852 1104.6 251 252 253
3.99178 154.852 1104.6 251 252 253
-424.311 -114.813 751.242 103 118 110
-457.294 -94.3534 785.959 60 60 55
-113.923 207.078 1163.53 163 97 54
128.218 -123.343 1710.66 70 57 45
-47.4279 204.896 1122.52 84 66 45
-514.587 -115.368 786.785 120 134 126
500.397 -16.6834 2123.25 251 254 249
63.0781 63.7868 1245.35 255 251 235
242.104 107.754 1495.57 104 75 60
