-700.221 -125.442 1463.81 51 40 27
-332.735 81.6344 1053.1 126 95 77
-172 87.2228 1014.42 139 112 96
-172 87.2228 1014.42 139 112 96
-255.847 135.052 1082.8 31 0 0
-249.962 158.158 1076.28 51 5 3
-101.777 224.975 1064.95 75 58 56
-94.8795 233.622 1068.75 252 244 211
-100.63 308.382 1135.36 165 164 164
-86.5797 377.92 1095.66 95 83 78
-86.5797 377.92 1095.66 95 83 78
-226.5 471.777 1127.88 146 139 121
-219.304 465.947 1098.06 6 5 2
1016.33 -421.319 2287.96 86 86 77
-10.5218 -151.069 1689.58 134 96 101
155.926 -29.7414 1747.11 129 115 98
222.46 -0.931106 -1990.57 133 144 139
-218.657 -0.889471 1179.2 112 117 122
-215.03 79.7329 1004.54 168 165 161
-143.945 85.4621 987.771 108 52 40
-73.313 95.1625 1088.27 255 254 238
197.382 173.036 1836.07 160 147 120
197.382 173.036 1836.07 160 147 120
-78.1523 114.892 1069.81 247 253 250
-126.061 124.584 1015.83 73 26 10
-44.0295 197.373 1180.73 255 246 234
-84.3043 257.879 1104.39 175 145 117
-235.588 263.426 1087.36 32 3 1
-169.48 343.705 1119.93 162 144 122
-161.493 393.383 1133.26 23 2 0
-34.4508 451.23 1268.85 141 144 119
-145.267 436.157 1127.72 100 83 72
-49.9475 462.912 1172.44 255 253 245
-296.936 535.614 1290.49 7 11 5
-32.0941 614.915 1294.4 229 231 221
465.353 -305.304 1740.52 99 96 91
465.353 -305.304 1740.52 99 96 91
149.634 -158.702 2035.28 148 138 119
119.334 -0.907526 -1119.43 137 134 134
-61.613 36.1089 1140.88 169 124 100
-349.09 63.9298 1092.92 91 72 56
-73.5269 83.8945 1076.51 252 249 252
-73.5269 83.8945 1076.51 252 249 252
-251.469 113.404 1047.62 38 4 5
132.63 236.806 1686.75 45 29 20
-124.085 209.3 1058.09 196 152 147
-43.1002 236.237 1166.76 252 255 248
-236.213 268.071 1066.43 166 102 79
-236.213 268.071 1066.43 166 102 79
-62.0135 287.924 1133.99 158 105 99
-69.9064 303.308 1125.41 255 252 231
-160.265 319.346 1130.59 25 20 14
-54.0951 369.923 1182.12 124 95 80
-80.2982 381.753 1074.56 253 253 249
-82.6796 404.504 1102.36 57 28 20
-64.2176 132.925 1089.34 206 131 111
125.813 226.541 1620.66 62 42 32
164.425 363.435 2062.91 238 250 247
-123.632 207.79 1050.75 202 158 154
-51.4542 319.101 1172.62 254 253 252
-105.503 315.161 1090.31 88 23 21
-84.7562 316.318 1088.12 249 254 255
-310.013 358.709 1126.82 24 17 13
-58.1287 412.965 1166.78 99 94 88
-19.7939 463.663 1319.08 254 254 248
-93.9175 173.246 1064.1 253 254 255
-71.0744 268.265 1115.29 243 222 201
-160.085 344.028 1091.47 110 103 102
-98.4953 389.932 1127.1 56 35 33
46.3853 -166.003 1888.19 192 170 166
184.576 -163.732 1931.18 114 101 96
184.576 -163.732 1931.18 114 101 96
-289.713 90.0574 1053.53 135 87 67
-123.278 139.332 1037.07 192 135 117
-76.0864 439.316 1138.38 255 255 250
-232.289 487.428 1216.9 72 45 36
-277.51 1.7293 1363.37 41 75 86
-277.51 1.7293 1363.37 41 75 86
-651.289 -147.799 1520.13 35 35 30
-196.329 -2.53722 1263.74 51 85 96
-245.523 44.1759 1162.32 149 129 99
-325.033 -251.728 1720.55 161 153 138
-150.432 233.636 1082.08 68 51 35
-58.4837 88.8867 1172.69 255 237 227
-304.89 144.652 1086.95 65 45 35
-213.059 188.307 948.024 111 61 45
