-117.167 -117.584 1550.74 105 92 69
-263.797 -70.1816 1543.73 150 97 67
-144.052 74.9364 999.411 193 189 185
88.1298 79.2074 944.49 212 202 188
76.3045 82.6825 934.606 207 212 207
49.1723 75.7806 808.012 226 232 220
-85.0573 167.807 899.544 71 67 68
-123.927 177.603 897 249 244 236
165.823 196.514 982.914 84 77 66
-114.074 196.629 882.739 243 243 234
59.4102 220.355 961.388 118 41 18
9.79144 250.273 926.893 249 236 223
152.01 299.668 1007.08 114 142 142
4.0267 308.535 975.74 30 21 10
-68.8921 292.716 931.262 116 108 93
4.23347 322.541 979.316 237 233 228
-75.8496 325.429 944.278 246 247 239
117.417 341.248 972.804 249 214 209
166.572 368.158 1024.77 218 161 147
55.7863 389.877 974.181 98 41 25
55.7863 389.877 974.181 98 41 25
-37.786 401.107 986.64 117 115 109
218.461 489.895 1159.43 121 118 113
81.2508 419.919 996.345 155 130 114
-87.9096 -228.089 1673.84 77 84 81
-87.9096 -228.089 1673.84 77 84 81
-49.9641 -52.6607 1664.84 57 22 11
-96.8319 -45.0126 1638.72 204 172 164
-96.8319 -45.0126 1638.72 204 172 164
-32.6441 -36.2367 1619.42 197 145 122
-133.791 84.0121 973.7 217 235 232
-11.4068 150.071 1045.56 20 22 22
-78.1116 180.653 906.057 36 46 54
69.9752 268.103 967.519 60 14 2
45.038 270.475 969.897 199 186 184
91.3716 277.258 965.715 12 29 30
91.3716 277.258 965.715 12 29 30
46.7926 286.448 960.578 111 71 60
157.867 494.096 1066.58 30 53 62
57.0091 513.149 1072.75 76 103 98
-14.7755 466.383 955.451 43 36 34
-114.247 -247.362 1723.2 171 156 139
-206.515 -165.384 1513.06 81 108 110
-273.24 -155.099 1575.73 95 109 113
-207.707 -64.1031 1571.72 191 179 164
101.476 82.8759 907.947 148 116 82
101.476 82.8759 907.947 148 116 82
-44.5189 162.802 922.665 19 27 30
-1531.84 405.41 2250.25 149 155 140
-49.8172 173.217 893.766 40 44 49
-1033.87 275.761 1397.87 65 69 60
215.345 284.939 1002.6 59 25 13
63.4116 285.727 946.773 86 50 45
227.136 370.507 1038.03 169 153 147
-56.8871 327.582 898.718 32 27 25
116.417 371.523 1009.89 15 18 14
233.141 515.966 1196.24 39 42 41
-68.2516 -167.424 1651.55 43 40 34
-234.12 -160.399 1662.79 153 137 124
-262.691 -151.881 1671.35 164 150 136
88.2144 0.765631 1037.5 219 219 212
88.2144 0.765631 1037.5 219 219 212
88.2144 0.765631 1037.5 219 219 212
15.9504 16.0755 1028.12 142 93 80
-105.581 77.6946 964.603 82 104 96
-107.635 185.098 871.984 39 34 31
8.92515 218.657 949.056 164 91 71
50.5369 281.611 970.639 125 60 42
88.0476 89.0824 911.472 40 46 43
87.7904 88.3166 908.536 42 46 38
-76.6698 186.972 913.96 64 56 58
12.019 261.536 950.564 154 152 150
-14.953 286.788 961.659 62 52 41
-14.953 286.788 961.659 62 52 41
-119.485 -156.175 1568.64 67 47 41
-160.95 -140.481 1576.47 68 55 41
87.071 -35.2939 1139.46 69 59 51
87.071 -35.2939 1139.46 69 59 51
148.271 80.3901 895.67 40 39 35
-1002.81 255.847 1409.7 62 65 52
235.843 309.188 1033.95 206 209 195
214.012 315.416 1015.02 78 52 39
146.16 302.662 964.558 66 53 56
-147.14 -101.934 1587.3 168 161 142
104.631 -1.31819 996.443 109 108 107
-109.454 174.727 898.954 75 69 63
84.1517 252.195 988.866 41 29 22
77.5024 -27.8718 1114.62 82 99 90
-90.9017 214.484 900.753 60 53 47
190.75 248.336 984.855 55 50 46
-36.0365 307.52 954.833 181 146 128
-36.0365 307.52 954.833 181 146 128
213.036 371.741 1054.72 177 142 128
241.792 408.888 1063.88 60 42 42
241.792 408.888 1063.88 60 42 42
37.5316 418.115 992.395 145 74 57
-54.1779 -155.543 1470.06 69 69 55
-232.847 -99.7302 1552.77 52 31 15
174.911 199.205 993.246 53 41 32
82.354 204.263 956.944 189 137 109
82.354 204.263 956.944 189 137 109
132.467 61.7371 922.801 39 33 22
-108.125 142.064 889.808 43 36 35
-67.713 271.577 963.851 59 52 50
-29.9757 44.3685 949.578 167 124 111
85.3255 289.274 919.982 111 125 130
-132.893 -57.8555 1263.78 159 150 142
19.2354 165.723 864.912 59 52 45
