407.63 -250.46 1853.25 171 194 205
362.81 -213.123 1618.25 106 115 107
-81.2339 -17.835 95.92 132 143 136
-81.2339 -17.835 95.92 132 143 136
381.181 -212.241 1764.94 146 146 141
188.285 -192.142 1849.46 67 74 48
368.974 -59.1388 1789 164 143 117
-401.897 -22.7736 685.69 59 61 57
126.409 3.88428 1334.57 116 109 72
14.0813 8.90834 1152.4 255 241 224
91.3005 27.3669 1300.76 220 176 168
-76.486 105.486 1150.22 202 187 187
-76.486 105.486 1150.22 202 187 187
26.8077 125.103 1190.58 190 133 111
-165.326 122.139 1160.15 59 15 12
15.6918 131.884 1174.95 168 139 134
-158.526 168.877 1172.1 43 4 1
-13.2973 172.991 1152.83 253 252 253
93.0124 202.482 1312.59 253 251 241
-152.584 241.97 1228.46 52 5 0
-135.786 306.768 1246.29 194 126 97
34.2549 367.182 1245.04 255 249 242
-415.437 -113.794 685.399 33 40 33
-611.382 -111.67 984.443 37 54 45
17.5261 -54.3036 1290.77 42 38 10
77.6807 -7.46542 1256.24 110 35 5
-268.051 24.0331 1217.22 91 70 52
433.564 46.5382 1970.36 255 253 240
-171.525 77.4034 1143.07 55 16 6
85.7984 167.61 1316.49 255 252 236
67.05 170.645 1286.78 255 251 242
-4.50931 229.264 1188.48 252 253 245
-4.50931 229.264 1188.48 252 253 245
24.7261 257.342 1215.27 255 254 234
59.8879 336.167 1279.78 251 249 230
-397.321 -73.2273 578.212 69 66 58
235.198 -179.034 1706.49 19 19 15
394.462 66.5968 -740.534 117 98 72
363.529 -112.652 1798.97 255 252 241
325.238 -96.669 1694.6 46 30 23
115.617 93.4528 1365.84 255 248 226
-39.7702 183.123 1143.22 203 160 146
-17.9719 192.623 1123.36 88 70 53
-159.166 251.332 1222.18 160 97 72
-159.166 251.332 1222.18 160 97 72
-159.59 252.423 1227.24 163 92 59
8.46892 369.565 1178.81 255 249 249
26.543 472.176 1230.52 255 253 246
15.4597 44.2068 -141.276 145 149 141
27.1684 16.3763 1201.25 211 143 113
27.1684 16.3763 1201.25 211 143 113
48.6007 98.0347 1263.24 250 252 255
48.6007 98.0347 1263.24 250 252 255
99.1153 192.053 1330.44 252 252 255
11.3221 327.521 1194.68 253 246 255
36.6366 380.961 1260.39 252 254 255
-4.73374 362.725 1191.68 86 31 18
102.865 472.875 1377.48 96 89 87
64.2921 464.012 1316.62 255 255 242
13.2716 452.027 1205.38 52 37 30
13.2716 452.027 1205.38 52 37 30
51.1465 142.134 1238.11 255 246 228
53.9347 287.824 1228.56 255 253 255
5.18124 294.684 1184.46 252 252 251
-71.9421 331.012 1219.18 138 130 120
47.5335 408.299 1292.48 121 100 94
-435.764 -82.8005 726.142 54 63 57
448.549 -52.1467 1961.77 254 254 247
448.549 -52.1467 1961.77 254 254 247
-115.983 72.708 1108.63 52 32 25
113.243 339.146 1377.82 248 246 248
21.147 418.407 1213.12 255 253 251
-75.8209 -48.6904 1306.22 59 105 112
279.879 153.234 1465.72 70 57 52
-59.6263 118.412 1123.13 185 135 112
-59.6263 118.412 1123.13 185 135 112
-123.219 275.878 1217.99 171 132 108
-114.63 337.734 1210.93 168 103 77
-457.969 -101.705 795.724 58 62 57
139.14 220.76 1555.17 235 205 199
17.3055 -26.3973 1177.16 48 93 105
-72.1072 7.81654 1149.88 166 131 108
-21.3388 456.211 1316.8 53 46 36
128.798 -142.734 1844.39 72 56 40
-101.525 354.293 1240.08 160 94 62
295.337 -141.069 1743.49 53 43 35
-220.574 106.762 1193.22 74 46 33
521.033 -28.3108 2257.28 255 253 254
244.242 101.56 1579.73 108 77 56
244.242 101.56 1579.73 108 77 56
