-377.943 -871.026 2812.38 46 58 55
-268.896 -531.507 2191.36 81 83 78
-276.839 -447.236 1879.84 88 85 81
-113.881 -636.881 2764.25 121 109 85
282.753 -132.601 1154.69 129 84 68
339.083 -73.9193 996.446 251 253 246
251.153 -27.7836 964.855 201 179 166
327.229 -13.4094 1006.24 72 66 53
364.258 28.9012 1042.24 166 162 152
-468.157 56.1675 918.008 58 34 22
229.552 66.5061 1109.9 94 64 50
390.801 72.6675 1079 32 39 25
-451.763 77.4736 897.584 253 239 213
-470.502 93.4334 919.756 255 234 220
-372.627 105.806 940.673 174 109 88
280.121 126.1 1044.99 164 137 129
409.42 130.09 1081.41 147 178 135
285.062 138.676 1046.06 163 140 127
-368.566 123.985 899.909 240 212 204
427.336 156.333 1081.91 222 239 218
-429.936 154.263 1053.16 63 10 5
-514.228 143.836 925.63 241 177 164
325.519 181.232 1041.15 200 198 197
-413.742 189.588 1054.48 82 47 22
439.208 202.735 1104.67 234 249 238
-348.209 178.963 910.755 255 222 204
360.384 231.426 1154.84 237 236 195
263.517 260.995 1075.95 111 104 85
297.36 291.644 1190.65 115 106 82
-300.588 300.431 1162.12 191 175 157
277.041 297.953 1136.62 156 148 128
-303.125 269.082 895.451 247 217 208
-287.203 305.166 1011.39 255 241 216
404.754 372.104 1232.75 66 95 97
-407.774 393.147 1260.37 246 229 221
-424.825 325.356 982.529 193 168 159
-512.269 348.076 1020.46 242 230 233
415.672 434.365 1260.33 232 248 248
-503.728 358.483 1018.47 232 193 177
-540.128 367.595 1031.35 153 129 133
-502.275 377.186 1035.46 255 246 235
-462.431 382.282 1026.99 243 241 229
-563.824 439.777 1125.39 254 255 244
-485.333 425.532 1033.88 255 255 246
-316.956 562.354 1125.85 174 215 199
-945.303 -335.101 1345.94 90 90 81
-610.161 -573.151 2489.45 141 122 99
254.78 -120.884 1064.1 116 56 35
161.648 -112.732 1117.1 241 237 230
161.648 -112.732 1117.1 241 237 230
378.016 -90.9503 993.783 131 142 115
290.702 -32.187 985.155 77 62 53
330.392 -21.3108 1022.47 191 185 174
-359.072 1.08641 1033.89 61 44 32
-466.702 25.1878 969.349 114 124 121
257.514 38.3461 1064.81 85 72 63
-351.013 50.0131 1184.77 52 46 44
340.891 41.3979 1018.42 145 138 99
-352.319 41.0182 944.416 142 126 100
-371.723 45.2941 924.581 196 179 156
261.553 79.582 1042.6 161 103 77
-373.371 77.2216 946.362 159 121 85
-373.371 77.2216 946.362 159 121 85
-459.288 82.8829 897.761 199 144 118
338.677 112.469 1089.1 255 253 244
-425.326 100.663 949.525 210 165 151
-372.698 179.085 1024 243 248 229
445.789 223.276 1151.12 123 136 123
264.96 224.594 1090.96 146 138 124
312.09 253.722 1125.83 253 251 230
-423.213 280.798 1019.51 164 136 126
-549.895 331.085 997.227 250 254 253
-332.977 389.723 1194.11 188 139 115
-530.191 327.297 980.322 124 111 111
407.914 490.822 1291.64 245 255 255
-271.742 426.751 1087.75 253 253 239
-690.713 -336.509 996.941 143 141 138
-142.967 -470.228 1765.37 148 152 148
153.202 -71.353 979.525 36 39 32
320.187 -33.0851 995.672 87 74 73
372.292 -2.35504 1003.13 122 131 116
398.95 34.4562 1060.82 143 156 115
131.236 35.1427 1008.99 96 70 64
241.817 62.2895 1009.05 190 184 152
249.263 71.7975 1078.48 122 110 80
201.542 85.0534 1042.42 111 88 55
-353.828 123.799 975.931 142 95 66
-609.381 124.172 958.887 167 100 71
258.632 138.849 1066.75 248 240 226
-573.516 136.738 900.658 137 125 115
243.477 161.998 1076.52 70 44 43
243.477 161.998 1076.52 70 44 43
251.682 168.457 1073.24 255 249 227
-313.255 245.614 1151.16 47 26 14
217.379 241.887 1095.49 197 200 166
416.428 278.904 1129.85 138 141 108
-475.192 305.902 1048.62 254 245 238
-510.197 330.323 1017.33 255 252 249
-579.239 -533.571 1936.11 85 84 75
-579.239 -533.571 1936.11 85 84 75
-360.208 -533.364 1990.61 51 46 38
-432.028 -469.853 1993.9 76 35 21
132.244 -151.382 1212.12 87 89 84
132.244 -151.382 1212.12 87 89 84
237.032 -114.586 1051.15 103 68 61
161.118 -4.15079 994.773 121 111 94
247.046 64.1985 1027.44 191 190 154
281.837 83.4005 1035.22 206 120 92
281.837 83.4005 1035.22 206 120 92
293.702 103.04 1077.83 245 235 231
216.502 108.532 1063.09 146 65 57
-494.102 119.391 932.392 195 130 102
-293.56 329.985 1081.88 102 71 63
327.446 516.385 1300.4 129 163 163
-438.794 -563.348 1785.01 96 97 83
-468.75 -477.563 1603.91 152 168 158
236.766 -132.259 1108.89 205 179 165
191.787 -70.8337 946.18 29 19 14
398.905 -51.8989 1023.51 133 160 131
421.576 84.3601 1054.97 121 152 120
-329.56 111.298 1175.03 102 87 73
-472.019 98.292 929.907 252 204 190
174.062 138.055 1037.17 101 78 87
267.163 156.82 1075.13 113 88 85
323.683 200.421 1112.49 177 174 157
323.683 200.421 1112.49 177 174 157
-299.229 265.574 1102.12 68 45 35
-450.855 259.918 972.759 252 254 250
-541.099 296.646 979.979 159 85 80
-541.099 296.646 979.979 159 85 80
-440.931 309.536 1000.23 252 254 255
-539.861 350.837 1009.26 250 254 255
371.793 513.353 1286.97 214 241 240
371.793 513.353 1286.97 214 241 240
-12.119 27.0529 -149.314 27 33 28
125.173 36.4517 1027.55 123 95 88
333.239 68.4943 1023.5 165 157 117
333.239 68.4943 1023.5 165 157 117
-530.881 123.434 920.027 246 252 253
216.421 173.527 1089.64 135 109 104
216.421 173.527 1089.64 135 109 104
-453.962 184.855 977.147 174 122 116
-439.776 212.082 971.861 122 95 77
314.614 246.421 1133.08 235 236 213
-416.966 292.202 1058.08 200 171 138
-500.717 380.094 1005.84 254 248 255
-496.616 -159.305 891.92 23 30 24
219.442 54.1773 1018.78 94 73 60
-446.377 291.287 1148.15 254 250 248
-446.377 291.287 1148.15 254 250 248
292.285 -56.1951 1095.18 85 64 61
409.406 48.7938 1049.43 251 255 243
-571.282 191.88 942.624 252 252 251
378.147 296.995 1191.39 128 117 100
-315.148 276.513 1025.64 255 252 237
-460.959 417.696 1083.46 170 195 156
-501.528 -611.06 1884.72 100 101 90
-374.073 -501.893 2209.17 91 72 48
-374.116 -8.47944 1131.79 114 99 81
-382.755 53.9055 945.629 223 200 169
-368.127 104.818 963.083 230 203 157
288.726 142.567 1074.83 144 123 111
-898.833 -176.338 1301.42 142 160 153
328.219 -0.208226 964.198 100 92 86
-452.526 10.9052 1041.8 39 65 65
-294.058 321.998 1173.91 81 62 53
350.872 387.26 1241.92 201 229 232
-791.255 -197.536 1255.17 23 23 19
-340.285 193.242 1182.65 95 73 60
356.596 172.109 1089.22 253 255 252
234.128 310.268 1192.38 96 88 83
234.128 310.268 1192.38 96 88 83
-366.067 349.859 1041.64 253 254 255
