-180.483 -212.517 615.706 82 92 85
-180.483 -212.517 615.706 82 92 85
111.62 -733.93 2718.62 106 88 68
65.4896 -571.671 2138.62 116 98 82
-50.3627 -90.596 345.599 122 104 81
538.179 -149.338 1083.57 211 195 187
-175.436 -31.0372 1060.61 226 205 179
540.114 20.0721 1210.08 244 232 227
-173.739 49.1635 1071.6 255 239 195
531.7 60.872 1147 105 77 65
-126.612 73.0253 1257.94 93 82 71
552.094 64.5494 1167.93 239 219 218
552.094 64.5494 1167.93 239 219 218
-455.265 59.8744 1051.83 230 211 192
565.069 71.8044 1209.56 255 244 233
-189.93 73.3194 1030.23 254 219 213
381.346 162.857 1152.46 75 63 40
575.008 196.161 1299.09 175 171 149
674.946 198.1 1254.21 96 92 77
-228.671 193.536 1137.3 255 249 235
489.481 254.772 1316.47 75 59 50
-374.999 273.734 1104.35 234 249 236
675.648 326.374 1297.02 222 238 236
-122.674 300.604 1174.77 249 207 190
615.502 458.352 1510.15 125 140 138
-331.955 347.955 1095.28 255 254 254
738.806 450.479 1419.36 250 255 253
15.1277 -847.502 2700.55 83 66 51
-426.197 -146.523 618.77 76 71 68
-133.648 -47.8458 216.073 2 2 0
559.75 -143.952 1054.18 54 51 52
425.739 -75.9504 1108.62 108 90 77
382.091 -65.4833 1116.16 114 96 97
523.74 -23.1191 1145.13 165 121 101
467.027 -8.81919 1203.57 168 154 128
417.679 1.07276 1082.98 113 70 56
-319.554 9.08999 1042.99 36 21 19
688.504 20.7365 1205.75 90 105 95
390.735 32.1942 1125.25 246 235 230
-235.773 52.3181 1041.54 255 252 249
-235.773 52.3181 1041.54 255 252 249
-294.489 51.2875 1012.63 255 227 205
525.645 65.9694 1212.38 68 32 33
525.645 65.9694 1212.38 68 32 33
400.347 68.5467 1182.16 170 145 139
-208.224 66.5216 1024.77 253 233 216
-273.27 91.8204 1124.96 212 166 157
-367.426 94.047 1065.7 205 161 155
-125.976 114.106 1091.75 247 236 214
440.839 127.089 1218.12 152 148 132
753.684 144.896 1285.76 191 223 191
560.684 174.714 1224.66 202 195 170
-112.689 165.71 1128.65 255 247 227
605.593 267.853 1353.8 152 184 181
-164.061 243.765 1224.06 50 21 7
-86.3649 258.7 1188.89 255 252 220
730.952 341.063 1394.91 154 180 178
-73.8938 300.813 1217.09 253 245 230
646.797 356.291 1334.94 230 252 252
-10.2599 -65.2716 186.1 164 164 159
-10.2599 -65.2716 186.1 164 164 159
-326.994 -453.074 1455.09 148 147 145
-326.994 -453.074 1455.09 148 147 145
-189.291 -215.282 693.95 82 80 67
13.2662 64.5543 -205.469 135 144 134
443.494 -244.567 1194.94 240 204 195
386.654 -166.675 1076.85 162 161 136
386.654 -166.675 1076.85 162 161 136
511.969 -130.035 1087.09 93 88 74
647.769 -90.3155 1097.31 242 253 248
-314.66 -101.472 1302.37 30 40 40
624.423 -67.6827 1055.36 245 252 247
624.423 -67.6827 1055.36 245 252 247
-318.14 -74.0194 1233.04 145 140 127
-491.02 -16.0068 629.428 50 52 47
456.687 -3.26373 1126.56 245 236 206
399.249 20.7207 1158.82 87 62 53
-405 34.1619 1155.17 225 209 185
-234.085 32.9929 1078.11 254 226 198
-157.168 50.6974 1059.66 187 126 83
-294.171 51.3755 1010.79 255 227 205
583.227 78.0649 1189.3 251 249 243
-239.559 87.1993 1095.95 221 172 149
-423.92 87.8198 1058.86 241 254 245
-170.113 85.621 1028.23 191 115 81
-178.831 91.1653 1072.57 191 115 81
633.969 123.38 1188.64 254 253 246
-162.026 119.458 1122.82 255 251 229
533.88 131.729 1190.51 148 144 128
457.308 138.64 1233.43 92 84 65
-114.995 196.282 1157.61 202 141 104
-114.995 196.282 1157.61 202 141 104
502.679 228.651 1250.35 144 134 126
-262.292 261.255 1145.61 254 249 240
565.556 366.684 1400.78 76 111 120
-359.2 313.153 1148.41 168 133 130
-72.2685 331.588 1203.56 203 146 125
-58.5232 -32.4398 111.896 99 94 86
483.084 -250.176 1204.8 200 184 170
516.953 228.4 -1138.64 118 124 119
330.358 -183.861 1145.28 44 43 38
639.49 -130.252 1082.21 236 249 235
398.522 -75.0976 1115.19 254 250 248
505.252 -38.3713 1125.75 181 185 156
373.403 -28.2526 1120.97 123 103 95
548.376 -20.7041 1141.99 197 129 113
483.973 -13.8858 1104.14 143 114 93
464.666 8.28739 1132.8 137 73 62
-288.267 13.4198 1089.23 209 142 110
-356.647 25.928 1068.25 221 198 173
534.113 126.946 1219.01 252 253 247
534.113 126.946 1219.01 252 253 247
577.362 374.138 1427.59 76 111 120
-294.528 320.106 1141.1 130 100 89
-171.992 488.917 1365.49 252 251 251
-166.448 442.184 1226.82 254 254 252
-322.409 442.516 1195.51 131 119 107
615.784 -162.113 1028.11 119 144 112
450.328 -114.267 1045.74 145 135 119
389.488 -101.276 1048.01 123 114 99
-596.49 1.06262 785.731 138 149 141
777.201 44.3466 1264.68 110 127 109
550.717 59.7455 1209.4 106 81 79
550.717 59.7455 1209.4 106 81 79
-450.154 53.0931 1048.81 205 187 163
-450.154 53.0931 1048.81 205 187 163
769.12 78.0277 1251.13 82 86 79
-426.664 117.274 1062.58 253 249 247
-426.664 117.274 1062.58 253 249 247
-272.139 231.003 1135.53 254 253 249
-368.293 275.02 1137.42 150 98 74
-330.281 286.2 1135.65 249 254 248
-353.703 327.855 1145.22 253 251 250
-353.703 327.855 1145.22 253 251 250
-353.703 327.855 1145.22 253 251 250
-293.58 442.442 1225.89 76 70 68
576.195 -236.128 1102.21 149 206 200
576.195 -236.128 1102.21 149 206 200
589.899 -38.1558 1107.87 155 153 116
608.522 -24.9059 1211.51 246 249 248
434.036 70.9851 1196.73 253 254 254
-321.895 70.682 937.524 251 254 249
-268.25 139.773 1120.37 146 99 87
-268.25 139.773 1120.37 146 99 87
-251.41 168.857 1105.51 140 83 68
-308.629 241.488 1101.29 250 249 235
-322.367 418.325 1192.1 251 252 245
-52.2174 -256.319 994.895 173 151 121
71.3446 45.1134 -214.269 91 99 95
496.924 -158.348 1059.96 84 70 70
-219.375 -44.7085 1097.56 59 97 117
486.955 -48.7994 1142.44 115 92 82
-236.556 211.784 1127.25 165 136 121
-30.8144 36.2849 -106.419 123 95 76
400.072 -63.1263 1116.12 200 198 201
676.868 -66.7015 1134.02 222 231 222
453.616 0.193913 1201.22 165 130 114
-350.221 131.812 1117.54 192 118 92
506.39 226.538 1614.33 154 144 126
-105.071 232.885 1168.77 247 241 227
589.46 261.956 1307.41 163 195 193
-27.337 375.276 1286.53 80 72 62
-243.811 380.867 1191.44 177 198 154
-289.603 427.264 1239.88 83 77 74
-14.9896 -246.346 880.067 183 161 136
-14.9896 -246.346 880.067 183 161 136
-193.091 -11.613 1068.92 233 195 155
-157.195 12.1033 1223.89 169 155 145
552.685 40.7575 1164.73 148 125 118
-146.535 159.459 1179.45 229 206 165
-376.849 -70.1766 561.161 141 160 151
-187.855 -69.0269 305.966 85 93 87
-271.033 -60.5506 1192.98 128 124 119
648.056 298.671 1363.34 208 233 236
359.933 -133.595 1139.96 58 51 49
-181.219 345.776 1284.63 255 254 255
533.726 214.202 1463.34 69 57 52
