-672.869 -426.883 1234.46 48 48 45
-126.137 -235.462 875.015 59 57 49
-253.388 -352.055 1654.91 115 121 119
-782.203 -232.046 1380.26 27 36 37
618.447 143.278 -1100.19 134 152 143
619.399 -208.748 1521.86 105 88 75
736.474 -218.247 1625.7 202 216 200
-1741.9 -379.483 3063.58 125 144 133
-615.97 -114.233 1107.62 67 65 61
511.454 -110.379 1497 176 157 144
566.767 -30.886 1628.13 128 112 109
636.181 -9.73258 1601.89 255 246 234
97.5369 23.8153 1205.87 169 103 91
-92.9369 143.767 1097.11 250 254 254
596.699 299.183 1878.14 65 90 83
615.501 316.941 1774.56 193 231 243
615.501 316.941 1774.56 193 231 243
-18.4898 270.576 1262.28 92 68 61
-44.0035 292.175 1153.33 254 246 239
-181.948 334.608 1300.48 65 50 35
-39.884 326.901 1125.39 255 252 254
-79.6271 367.773 1218.47 137 99 81
-38.3158 363.889 1189.4 255 252 238
67.6079 340.109 1035.43 33 42 46
-27.5361 440.847 1186.42 32 31 31
106.936 556.993 1359.13 210 237 230
89.1554 588.286 1396.29 198 222 210
-414.435 -367.841 1027.9 73 81 75
-974.272 -407.564 1940.15 131 139 135
-781.574 -315.538 1601.76 147 149 137
-699.47 -280.776 1496.93 72 68 58
601.136 -253.391 1509.72 157 143 132
-665.012 -185.947 1111.79 30 44 39
556.1 -209.215 1529.04 134 118 106
724.197 -208.235 1626.57 82 82 67
630.931 -197.336 1547.29 197 185 174
-976.678 -171.953 1569.3 27 40 39
-642.787 -111.84 1101.01 55 72 63
544.565 -150.734 1495.2 255 249 248
-924.831 -165.061 1767.52 141 132 110
-1727.85 -255.394 2821.29 113 113 106
747.078 -131.832 1638.63 236 247 223
563.308 -115.013 1603.43 91 71 70
555.704 -65.6552 1441.77 157 122 106
3.33739 -32.5002 1126.94 255 246 232
603.865 -46.4711 1671.31 242 238 234
548.878 -17.3188 1605.71 43 25 27
57.4166 -2.60231 1226.09 255 253 247
604.533 31.3038 1619.29 182 177 152
118.477 41.1377 1211.52 176 115 84
-179.866 39.7364 1153.32 54 30 18
128.187 69.3446 1243.1 189 136 95
452.469 116.339 1956.79 49 44 31
121.825 88.6807 1260.87 255 254 245
86.6802 148.774 1251.19 137 108 90
48.1172 174.863 1167.27 150 128 114
527.041 276.348 1736.94 116 139 136
176.015 276.946 1321.67 190 159 131
-46.8682 262.144 1169.68 252 252 248
-15.6583 270.105 1185.53 249 255 252
63.432 296.108 1236.98 143 144 134
63.432 296.108 1236.98 143 144 134
129.038 397.836 1308.94 27 27 27
-51.5114 365.864 1149.11 245 232 213
-63.6852 380.113 1192.75 42 29 12
-105.975 436.407 1297.57 176 168 156
-53.9971 444.727 1200.9 153 143 125
633.459 -608.481 1820.2 187 181 162
-492.61 -301.254 894.79 135 147 140
605.633 -194.026 1572.98 155 156 136
-766.944 -127.748 1483.01 75 60 40
655.125 -108.725 1555.93 255 254 235
544.213 -94.0181 1521.03 254 239 225
-247.33 -31.2471 445.181 127 132 118
22.4184 -62.7368 1240.63 50 72 79
625.334 -59.5368 1638.35 255 248 240
-23.7604 46.0481 1139.36 211 151 118
-91.4534 51.2736 1067.02 250 255 250
65.5144 145.379 1237.67 250 250 233
65.5144 145.379 1237.67 250 250 233
716.409 286.106 1825.89 241 255 255
693.15 299.268 1747.25 147 157 163
-78.5691 192.815 1056.43 254 252 235
-20.5841 247.28 1200.04 119 86 74
173.455 316.298 1363.38 246 229 203
17.9624 276.931 1151.34 203 163 153
-55.7321 349.596 1170.86 254 252 247
-574.708 -353.171 1031.38 51 50 47
-613.872 -308.893 1094.18 16 20 12
169.757 -395.47 1740.53 101 74 56
665.418 -330.234 1665.8 88 104 111
-737.177 -266.249 1421.25 143 146 137
-244.698 -67.3069 430.682 131 141 134
471.761 -244.272 1603.91 18 18 11
-461.118 -71.2908 560.296 118 128 117
529.609 -137.117 1521.67 46 21 15
-643.024 -68.1982 925.284 53 32 18
70.2364 -93.4325 1418.01 56 83 85
572.747 -11.4962 1573.27 255 251 248
572.747 -11.4962 1573.27 255 251 248
14.3433 -0.148587 1127.68 255 219 203
693.747 61.2735 1675.41 255 255 245
91.9773 193.089 1255.39 192 168 139
91.9773 193.089 1255.39 192 168 139
16.8501 437.844 1272.15 240 237 229
-584.952 -327.733 977.139 50 57 52
-584.952 -327.733 977.139 50 57 52
-642.552 -317.385 1252.59 67 69 64
633.035 -240.557 1537.29 96 79 78
556.316 -144.762 1518.61 243 237 237
-36.4227 -34.6477 1139.92 82 54 36
-111.569 17.4344 1039.95 194 180 152
-21.502 33.3871 1134.76 229 146 119
727.161 91.1856 1679.83 142 129 106
727.161 91.1856 1679.83 142 129 106
115.389 96.605 1235.85 241 243 234
34.6935 94.0283 1187.42 148 101 91
31.738 151.805 1196.74 244 227 209
-30.6248 262.075 1191.94 253 251 252
-66.2101 272.403 1154.13 252 246 249
-57.1997 304.938 1162.06 253 253 253
-71.167 331.111 1169.5 90 67 61
-4.1174 409.268 1221.45 82 76 71
-45.4658 429.059 1214.05 79 67 56
-234.92 -384.884 1770.88 81 80 78
-218.078 -241.921 1233.22 80 76 75
19.5176 77.8705 -310.033 77 73 73
-264.7 -11.3935 1283.96 99 79 60
-100.67 82.6531 1081.97 247 252 245
-33.9525 137.579 1135.35 242 200 172
87.3958 168.666 1242.53 255 254 251
54.7858 167.459 1205.71 182 159 141
144.15 177.845 1236.87 253 253 243
-17.4895 204.956 1151.37 255 237 222
-13.0277 248.961 1198.67 158 110 98
-13.0277 248.961 1198.67 158 110 98
120.527 295.601 1278.46 255 254 255
-561.831 -312.043 986.759 117 137 129
-550.83 -273.132 963.492 41 44 37
237.187 -406.996 1758.47 55 42 29
-743.883 -279.651 1402.67 93 96 86
437.79 -80.5627 1532.85 82 84 58
437.79 -80.5627 1532.85 82 84 58
-241.309 52.7074 1264.71 91 66 50
-26.5452 83.0142 1167.94 210 125 106
68.9496 100.837 1227.26 247 203 173
130.745 107.119 1262.08 239 218 181
12.3035 263.15 1199.05 255 255 250
12.3035 263.15 1199.05 255 255 250
-716.834 -255.576 1435.09 127 139 133
649.008 -254.446 1520.71 88 89 85
-580.377 -192.46 1233.57 85 66 50
-580.377 -192.46 1233.57 85 66 50
99.0274 -63.7947 1229.46 233 196 158
1.55362 60.145 1144.55 250 255 248
1.55362 60.145 1144.55 250 255 248
39.9828 342.697 1226.69 183 202 157
-38.2864 342.224 1183.24 251 254 250
2.94655 374.068 1194.6 87 72 72
2.94655 374.068 1194.6 87 72 72
2.94655 374.068 1194.6 87 72 72
499.42 -47.3192 1559.74 56 50 38
27.97 -10.2586 1109.9 253 208 188
-136.452 55.2202 1121.3 69 51 40
-184.424 -266.508 1052.17 138 138 131
374.191 -197.122 1625.89 61 55 46
-743.838 -165.729 1598.2 123 108 84
-743.838 -165.729 1598.2 123 108 84
455.22 66.2817 1822.51 42 40 32
560.001 331.774 1940.72 80 70 58
501.865 -187.908 1538.17 53 48 44
-12.7738 -58.7209 1131.65 61 98 99
487.853 418.849 1859.62 210 208 200
195.615 160.394 1197.82 151 141 125
695.848 -53.3401 1658.87 207 195 196
