-0.0750596 -272.423 875.392 147 144 142
-665.14 -929.381 3007.48 75 72 61
0.67707 -380.966 1272.62 107 90 83
-681.397 -604.207 2170.74 153 166 155
-363.266 -579 2671.57 77 69 43
463.975 -172.998 1132.36 107 100 96
553.463 -95.33 1231.13 107 91 81
517.788 -84.3399 1191.98 95 87 71
517.788 -84.3399 1191.98 95 87 71
542.516 -57.1908 1235.87 162 129 96
403.084 -28.9541 1209.46 161 124 112
544.03 -17.1269 1269.42 254 245 238
-89.5199 -4.77704 983.489 182 123 74
523.275 27.4516 1257.47 80 70 61
-144.426 31.0307 987.219 255 250 235
-58.2425 58.9175 1054.54 222 187 169
724.99 76.25 1304.75 227 226 214
-289.416 68.5631 985.856 251 246 237
523.366 94.87 1295.85 99 83 73
732.298 147.797 1399.3 201 202 178
-278.828 124.281 1109.21 249 196 171
580.737 142.578 1256.76 161 156 141
-139.254 197.572 1120.15 87 69 52
-139.254 197.572 1120.15 87 69 52
-294.507 273.779 1063.42 252 254 250
-218.538 315.459 1056.72 241 214 198
-39.8238 338.753 1137.14 195 122 79
-215.43 356.418 1037.88 40 38 30
-104.881 374.905 1020.44 17 20 25
-60.4489 492.621 1138.98 153 178 166
-350.484 -554.924 1788.03 155 150 137
-565.534 -533.625 1892.24 219 228 221
-380.248 -269.995 1032.26 49 58 56
412.694 -289.227 1378.25 61 59 47
443.08 -255.015 1274.91 223 181 175
681.22 -147.671 1266.27 240 247 235
-181.035 -121.716 1237.08 52 62 64
400.894 -105.047 1156.45 106 85 83
417.095 -96.0168 1181.39 98 75 66
555.895 -88.0596 1223.11 214 196 177
527.092 -73.5057 1215.71 199 181 157
402.458 -66.2763 1207.38 141 116 109
503.988 -66.3206 1188.05 115 93 68
483.022 -64.5146 1190.35 200 185 159
675.861 -55.0496 1258.62 248 255 240
525.807 -48.7559 1235.2 124 94 73
471.914 -37.0719 1184.12 231 199 169
-347.342 -16.2316 1069.91 60 63 60
-347.342 -16.2316 1069.91 60 63 60
-216.353 -8.34584 963.451 42 29 32
715.779 10.0527 1321.05 208 216 207
542.168 34.8499 1279.77 255 244 229
425.601 35.6971 1253.71 125 114 115
425.601 35.6971 1253.71 125 114 115
-91.1876 43.9099 1052.28 165 111 98
-197.756 49.0835 1008.55 62 26 16
-206.605 49.6255 997.198 251 212 200
-90.1689 54.1281 1052.22 255 249 222
-285.399 62.0274 994.959 162 87 93
-172.895 65.9594 1024.25 185 127 99
-266.767 64.6379 959.876 250 247 228
-96.8337 69.5068 1044.08 201 96 58
-161.732 71.645 997.11 253 249 245
609.559 100.197 1293.45 254 255 231
-170.995 87.0942 1003.84 241 225 214
-78.2328 91.6241 1062.28 217 213 204
495.54 112.662 1267.75 195 190 167
662.759 117.592 1325.74 241 241 230
-174.84 134.455 1049.88 95 64 37
463.436 213.188 1433.21 74 82 88
487.702 199.282 1290.94 68 73 69
-301.943 160.545 997.721 1 8 0
643.37 236.406 1479.23 121 147 163
-135.89 189.313 1005.76 254 252 243
658.841 347.535 1456.69 231 251 252
-259.839 376.507 1110.71 26 8 2
-259.839 376.507 1110.71 26 8 2
-263.365 367.073 1073.52 250 243 231
-225.678 380.25 1111.88 14 14 11
-225.678 380.25 1111.88 14 14 11
-251.888 433.949 1191.17 254 247 237
-241.236 450.638 1140.29 23 18 11
-499.227 -747.249 2387.82 68 63 54
577.185 -259.316 1207.12 182 224 210
424.041 -266.756 1301.34 80 79 66
436.927 -196.129 1191.46 171 157 137
429.481 -104.053 1174.04 253 247 246
-168.355 -40.0259 1041.17 68 78 85
-209.428 -34.6534 990.122 127 122 123
700.63 -26.1286 1300.56 151 177 143
-260.952 10.1995 985.075 208 183 158
-136.933 9.85948 1018.22 233 185 160
603.08 38.7708 1309.51 254 252 251
-317.384 79.7877 960.383 128 97 99
-269.819 81.8051 976.882 241 244 229
-250.944 98.4415 972.89 162 72 49
-268.026 102.957 987.764 253 240 230
-261.62 114.393 1020.79 223 181 164
490.396 212.845 1454.28 140 151 151
-66.8292 168.063 1072.66 193 117 86
-133.666 182.876 1030.68 87 64 48
-156.925 196.155 1064.98 85 55 36
522.793 320.936 1431.92 40 65 76
-15.3106 284.999 1212.06 181 127 112
564.76 394.236 1666.37 66 62 59
-266.756 301.461 1069.81 252 247 244
-259.538 312.252 1022.28 252 252 254
-229.839 -142.06 475.902 68 79 72
642.812 -209.778 1162.53 194 205 192
358.458 -200.906 1232.03 0 2 0
438.121 -133.482 1152.76 110 110 93
408.236 -130.527 1168.71 125 122 104
672.296 -53.6002 1317.12 251 251 245
468.953 -12.1774 1237.6 116 97 81
542.614 20.2156 1250.15 102 76 70
542.614 20.2156 1250.15 102 76 70
542.614 20.2156 1250.15 102 76 70
479.561 70.9315 1256.47 166 175 144
-268.318 103.476 988.221 253 240 230
616.803 187.368 1368.14 236 252 249
607.373 203.415 1406.47 230 245 241
-45.7092 162.931 1119.61 218 144 97
-45.7092 162.931 1119.61 218 144 97
667.209 222.849 1433.87 149 169 171
-215.233 282.888 1098.3 252 249 233
679.005 406.129 1571.82 201 229 228
-107.537 346.64 1105.61 135 158 114
-112.786 343.699 946.665 253 254 251
-475.636 -319.938 1160.23 142 149 142
506.735 -219.976 1169.58 20 19 13
340.627 -214.353 1215.37 166 155 159
399.785 -88.4801 1173.36 34 24 15
608.386 -75.0988 1230.15 160 155 128
-203.842 -23.8013 1004.8 22 19 22
-189.672 69.0579 1010.46 254 232 224
611.591 109.134 1352.59 237 238 218
611.591 109.134 1352.59 237 238 218
-186.044 207.402 1086.89 251 247 234
-205.157 251.784 1062.05 248 242 234
-275.493 248.172 1035 121 57 41
-205.986 350.653 1053.87 56 52 46
-215.629 403.242 1110.66 38 27 29
140.096 -430.252 1354.7 72 72 70
507.862 -81.3735 1220.38 101 76 64
507.862 -81.3735 1220.38 101 76 64
-326.016 72.3782 947.083 64 49 31
-324.608 98.2539 974.641 237 208 202
-171.679 110.652 1018.53 98 43 33
-163.394 143.105 1037.04 112 58 44
-163.394 143.105 1037.04 112 58 44
-163.394 143.105 1037.04 112 58 44
-228.053 249.721 1062.08 159 104 95
-228.053 249.721 1062.08 159 104 95
-216.273 301.629 1086.34 102 60 54
689.41 -104.734 1270.82 249 254 239
433.838 -92.7131 1184.02 222 218 218
456.448 -31.4299 1208.26 128 76 65
-149.157 181.589 1044.47 105 82 63
-194.861 260.488 1043.48 247 231 228
-248.18 396.201 1114.08 240 221 213
569.682 3.20017 1268.36 135 108 100
-148.574 26.1783 998.578 223 188 169
414.069 85.8672 1538.11 68 56 47
-209.542 78.2521 996.043 252 226 222
720.532 107.289 1349.45 128 147 111
-228.997 96.4325 941.194 190 102 78
-305.409 136.849 989.379 247 248 250
-90.1951 268.566 1159.63 249 255 251
-202.021 374.371 1090.14 53 44 42
-431.025 -266.18 942.094 81 82 77
-431.025 -266.18 942.094 81 82 77
656.979 -225.82 1211.18 125 160 123
305.573 -187.134 1271.63 65 53 43
-104.258 -30.3419 1037.33 223 184 146
692.946 30.2732 1288.37 147 151 142
-279.793 -190.338 687.457 137 147 141
508.285 -221.63 1279.68 69 70 68
608.71 37.9753 1244.26 253 255 250
608.71 37.9753 1244.26 253 255 250
524.106 336.681 1624.18 89 78 68
614.238 247.145 1419.55 201 230 229
33.2812 604.005 1515.05 186 181 175
338.777 -117.755 1150.11 22 18 6
511.604 135.159 1572.7 74 62 51
