-85.2263 -44.0379 200.564 73 62 50
41.6194 -210.26 1078.62 47 23 18
641.317 -314.222 1634.55 123 123 119
593.376 -281.885 1521 193 204 187
-325.667 -125.46 787.206 49 61 59
690.2 -213.804 1734.61 237 243 226
-1152.69 -245.826 2530.33 178 167 147
-911.113 -185.966 1950.58 157 153 131
657.417 -113.009 1734.53 211 210 203
25.9315 -49.5916 1187.54 255 251 237
591.543 -74.5977 1692.16 148 130 125
558.965 -57.897 1686.87 136 125 132
-232.328 -39.8119 1148.09 213 199 178
606.71 -29.4393 1712.22 254 239 233
49.7695 52.6302 1227.25 255 247 242
49.7695 52.6302 1227.25 255 247 242
626.224 86.9258 1679.51 159 140 125
428.517 97.1326 1769.33 30 26 18
-186.183 71.1832 1215.39 59 16 11
62.0068 157.109 1246.3 255 247 240
72.3499 168.239 1282.99 96 60 51
99.4751 280.094 1337.67 141 143 129
12.565 303.473 1221.3 254 237 221
-10.7296 356.186 1257.95 255 250 237
-108.307 448.526 1416.39 209 203 190
37.07 57.279 -150.362 139 149 142
-257.735 -174.639 889.519 157 162 156
685.732 -320.815 1725.22 204 206 192
-228.236 -90.3081 532.439 145 149 143
391.805 -251.144 1691.48 80 89 65
-420.991 -105.773 706.223 73 74 61
601.099 -222.699 1554.76 92 84 74
-394.727 -77.8216 543.974 28 45 40
-163.888 -35.5989 261.059 134 146 139
496.615 -190.967 1563.94 144 137 125
-560.358 -73.7983 766.285 40 52 49
-653.047 -73.9596 857.806 119 140 131
-587.351 -51.7479 767.871 45 57 54
-889.517 -55.3662 1235.8 240 244 242
531.956 -60.9563 1648.11 242 235 240
531.956 -60.9563 1648.11 242 235 240
386.289 -57.9713 1682.07 93 99 82
555.337 -49.8766 1682.63 137 119 125
-262.324 -33.8407 1297.63 94 76 55
137.311 25.2793 1321.82 184 126 103
131.753 34.9972 1335.92 255 236 221
675.684 48.8173 1741.41 250 251 230
-24.7171 48.4447 1145.94 255 253 247
152.427 61.0232 1390.77 187 146 120
451.873 96.4211 1806.25 119 127 107
607.361 155.15 1787.28 252 253 239
110.254 116.594 1283.68 254 244 222
82.6138 127.37 1280.68 254 251 230
-72.7038 134.05 1093.52 40 16 5
508.046 265.698 1837.18 66 87 89
518.23 280.054 1750.34 63 106 115
-48.8137 235.324 1158.2 248 253 246
102.572 283.424 1314.47 254 255 243
124.673 358.47 1357.87 167 157 130
-4.88582 367.866 1242.61 255 246 232
44.9088 436.761 1328.96 40 42 46
-254.886 -229.973 1103.4 136 142 137
307.386 219.18 -1326.46 144 113 87
718.786 -180.323 1791.07 255 255 243
-554.501 -49.9198 731.728 116 140 133
565.889 -89.111 1643.75 198 132 118
600.835 -78.8749 1766.95 255 250 249
53.6662 -51.3797 1238.81 225 151 131
-36.5754 -19.2386 1151.67 244 226 205
-36.5754 -19.2386 1151.67 244 226 205
-48.8103 -12.668 1155.58 224 202 180
-48.8103 -12.668 1155.58 224 202 180
590.865 17.756 1686.17 238 239 214
-149.327 26.6815 1115.95 52 29 14
650.369 41.2321 1768.35 255 253 235
-62.1019 35.9925 1128.08 252 250 252
626.317 92.7591 1703.66 155 136 115
640.541 141.151 1815.88 253 253 249
-62.7984 130.003 1141.35 254 253 253
504.714 346.457 1899.6 76 84 80
14.2996 341.754 1274.27 254 255 251
-29.7243 332.919 1210.59 250 255 250
-28.436 355.446 1242.66 91 75 64
-38.283 374.488 1257.14 42 24 6
28.3937 417.539 1286.94 236 234 226
-6.12114 428.248 1250.32 253 244 236
-543.04 -196.749 788.358 143 153 149
-81.26 -81.8764 425.203 48 31 17
589.078 -303.538 1649.11 214 225 227
-714.18 -176.793 1104.21 142 147 138
579.091 -194.298 1645.99 77 67 51
478.233 -147.511 1540.76 40 9 4
-92.8202 -13.8569 105.7 114 130 124
-138.338 -87.9681 1326.25 98 77 65
-511.621 -28.0304 726.878 48 49 42
-151.789 27.846 1143.86 42 30 20
587.298 115.893 1689.42 123 113 91
22.7652 289.988 1281.25 122 93 89
18.7719 396.582 1266.01 83 70 67
-18.825 408.008 1231.14 62 48 43
-420.12 -195.264 601.77 38 51 44
-420.12 -195.264 601.77 38 51 44
-419.373 -128.232 611.561 140 148 141
514.251 -157.678 1578.26 252 248 251
698.115 -30.2281 1737.94 148 149 135
-80.6764 0.893262 1089.57 191 182 156
2.84482 15.6214 1157.47 255 176 164
-16.2361 21.9658 1144.94 255 252 255
753.438 38.265 1872.3 160 164 132
-28.4528 171.628 1177.59 231 188 153
11.2 223.371 1215.33 137 103 82
-4.28556 243.338 1226.71 254 254 251
-29.728 286.066 1189.57 254 253 255
-44.4666 314.439 1197.49 91 67 60
-136.903 408.894 1423.15 89 57 40
-398.651 -143.294 609.208 56 58 53
-363.934 -252.422 1371.97 69 69 68
-381.069 -118.59 730.578 73 79 72
419.842 -29.8449 1678.28 87 94 72
-240.924 -19.7226 1216.39 102 76 63
492.025 212.556 1907.34 82 97 107
492.025 212.556 1907.34 82 97 107
105.084 151.292 1301.39 251 253 249
169.959 176.183 1402.14 252 255 238
142.092 299.457 1411 255 254 252
47.1805 -278.427 1343.51 53 43 37
-434.148 -110.335 636.82 92 96 82
25.3524 44.325 1215.66 255 252 250
25.3524 44.325 1215.66 255 252 250
-58.5387 111.192 1123.82 255 251 251
-552.988 -172.255 843.436 122 140 133
-552.988 -172.255 843.436 122 140 133
453.002 -285.952 1627.05 164 136 128
624.446 -97.7656 1651.62 231 230 228
624.446 -97.7656 1651.62 231 230 228
-223.826 47.5159 1254.73 77 53 44
470.211 -65.1827 1663.82 53 46 41
49.3158 -25.7211 1189.12 255 222 204
-96.5064 161.862 1180.15 78 62 49
502.772 321.359 2026.84 71 60 56
-235.599 -191.259 836.409 135 136 132
324.1 -193.104 1675.96 74 66 56
-526.334 -65.8057 882.697 96 89 64
-526.334 -65.8057 882.697 96 89 64
608.484 0.342309 1643.96 204 203 192
-111.04 36.1332 1136.05 65 45 41
457.4 -196.493 1583.98 59 51 47
366.859 -312.532 1284.69 182 177 172
366.859 -312.532 1284.69 182 177 172
600.009 -67.9296 1618.82 252 253 254
-153.968 62.7004 1134.83 153 128 104
-139.109 233.381 1314.87 128 88 76
-17.94 569.4 1519.04 54 54 53
466.655 8.14423 1827.97 73 79 52
466.655 8.14423 1827.97 73 79 52
56.2557 113.237 1336.16 247 217 200
