135.534 -100.934 1123.2 145 121 95
132.69 -17.6737 1122.29 231 135 98
60.8167 -91.4185 1132.91 153 158 157
152.454 7.50233 1180.27 255 249 229
152.454 7.50233 1180.27 255 249 229
90.7836 153.82 1156.27 121 91 73
30.516 262.692 1153.72 83 79 73
-5.59908 307.371 1134.42 254 251 251
-22.4725 -26.2127 1067.14 243 212 185
-35.5982 -20.037 1053.13 211 189 157
-35.5982 -20.037 1053.13 211 189 157
-62.4181 31.3631 1032.14 227 243 234
100.093 115.407 1138.77 255 243 221
-20.2022 325.36 1174.24 255 249 254
0.427803 -52.6518 1081.35 95 75 55
95.3445 -45.9684 1093.39 87 53 44
92.1953 -93.3771 1094.77 61 95 110
-70.185 60.6825 1035.68 233 233 222
49.6091 229.51 1145.33 252 255 250
27.7412 -80.2306 1097.29 68 98 109
