-653.844 -330.54 1524.05 93 96 86
-480.366 -40.7154 1303 96 88 66
-57.3039 -16.5266 934.671 78 78 77
-477.047 17.5714 1370.05 115 72 57
-503.804 23.0566 1115.92 18 10 3
23.2365 14.6409 806.126 255 255 245
-530.13 34.0941 1213.26 101 94 88
-501.966 37.0341 1127.11 22 5 4
-401.329 43.903 1440.09 71 50 38
-476.529 45.1159 1406.78 125 97 94
84.2431 30.8129 897.812 36 39 39
-500.023 65.3579 1155.67 25 29 17
-589.558 92.8001 1269.53 252 239 216
-496.24 109.403 1196.82 29 12 3
-181.596 91.7925 1020.44 122 117 112
-487.106 123.368 1191.05 17 3 0
-509.834 129.348 1272.38 130 127 121
82.2881 87.6519 855.065 48 37 27
-152.815 104.485 985.907 197 196 195
-452.74 194.197 1394.62 15 2 0
-458.682 175.932 1205.95 155 154 143
-460.981 175.276 1190.29 29 22 11
-460.981 175.276 1190.29 29 22 11
-447.286 202.63 1396.44 222 195 183
-613.216 226.345 1408.96 255 253 239
-110.246 157.593 997.795 255 251 219
-453.655 202.797 1205.84 33 25 16
-453.655 202.797 1205.84 33 25 16
-448.489 231.702 1228.41 11 9 10
-435.595 254.902 1203.16 140 118 103
300.179 267.055 1236.85 163 148 129
-681.576 331.641 1482.26 253 255 246
71.7398 265.055 989.421 134 143 129
78.8938 273.84 941.569 244 252 246
86.8039 286.607 964.062 113 122 114
86.8039 286.607 964.062 113 122 114
17.1747 307.49 1005.57 196 198 170
113.558 347.612 1004.11 182 204 169
-381.452 517.936 1482.6 122 157 150
64.3141 424.342 1135.13 143 164 167
64.3141 424.342 1135.13 143 164 167
180.174 470.855 1120.11 203 231 232
108.573 508.642 1157.5 130 140 146
-75.8494 -78.2233 1105.31 63 53 51
-478.76 -95.1668 1435.46 36 27 18
-478.76 -95.1668 1435.46 36 27 18
-852.867 -73.2562 1135.45 208 215 207
-0.800691 -57.2799 966.721 141 105 90
-200.132 13.2795 962.475 23 23 19
-523.307 33.5146 1289.79 40 28 26
-615.772 56.9869 1288.4 252 247 230
69.4583 73.2438 865.684 130 118 108
-139.059 93.1013 928.875 255 252 244
-405.782 160.269 1502.48 29 9 8
-146.521 104.05 1005.51 253 249 243
-406.973 173.111 1489.76 191 158 145
-85.1193 114.002 950.848 144 128 113
-26.8757 120.711 915.094 117 106 81
-79.0857 130.967 980.502 141 122 105
34.7653 131.43 876.155 253 253 239
-86.6212 152.849 976.514 144 137 113
-8.33004 151.547 964.369 242 235 200
-45.2586 154.982 961.908 255 250 225
-96.1058 187.394 1009.39 255 253 249
108.955 199.683 929.568 166 142 131
-50.6824 276.779 1060.39 197 197 162
-112.898 328.35 1157.3 99 94 73
-77.8167 359.249 1118.03 188 181 162
-362.468 511.59 1569.5 81 85 79
-542.511 476.791 1457.06 252 254 253
-447.811 -140.949 1079.82 170 168 161
-70.2095 -53.8512 1035.39 31 12 12
-495.799 -55.5232 1370.85 140 119 99
-543.223 -43.4655 1309.01 155 142 124
-553.86 -21.3665 1275.34 173 153 134
-566.638 -13.1248 1214.06 159 141 114
218.333 19.2356 1108.99 44 23 8
-377.978 58.3676 1356.99 24 26 23
-657.608 100.34 1320.69 117 81 62
215.139 92.5006 1108.52 154 142 119
215.139 92.5006 1108.52 154 142 119
-643.198 124.724 1308.8 137 107 96
-643.198 124.724 1308.8 137 107 96
-602.807 135.64 1344.05 254 253 243
-144.355 100.836 982.821 251 247 241
224.552 117.451 1122.84 117 130 123
-358.21 190.221 1496.33 70 43 32
22.4742 109.163 883.761 141 157 135
-599.294 207.019 1366.1 200 182 160
-661.768 208.08 1361.32 255 250 247
-83.9854 164.602 1000.97 198 147 128
-107.515 170.432 1021.84 182 144 126
43.0658 152.178 898.181 254 253 253
243.21 198.579 1152.76 81 59 52
243.21 198.579 1152.76 81 59 52
-66.093 208.569 996.478 250 244 236
-17.8292 327.66 1043.15 163 149 130
111.791 420.853 1107.26 245 252 244
131.947 580.874 1247.54 249 255 252
134.353 583.062 1208.12 244 255 255
-400.199 -137.7 1012.49 175 181 174
-426.082 -81.9195 1250.64 42 31 21
-46.2903 -48.2649 1010.13 254 248 234
-679.895 14.7256 1282.82 243 233 221
215.423 19.0847 1097.62 44 23 8
-213.073 31.6218 1069.04 99 90 80
-382.568 59.5869 1374.74 24 26 23
-149.315 121.09 1004.78 124 107 104
-684.128 181.979 1403.85 254 252 254
6.30747 149.748 917.856 254 254 240
-125.386 190.646 1024.65 129 116 118
-125.386 190.646 1024.65 129 116 118
-138.607 214.802 1078.56 254 253 254
-138.607 214.802 1078.56 254 253 254
-9.99061 328.48 1085.06 252 254 252
-50.8839 369.871 1113.49 140 124 108
-296.976 -165.468 949 67 56 48
7.17195 -31.7295 938.972 98 92 93
-93.0761 6.13892 891.045 53 56 54
-748.107 75.7383 1343.5 252 253 254
-177.97 71.7917 991.219 104 95 91
-177.97 71.7917 991.219 104 95 91
-0.101087 166.507 934.7 209 202 163
128.123 487.358 1181.24 236 255 247
128.123 487.358 1181.24 236 255 247
-775.205 -75.4795 1041.43 89 97 90
-497.596 -77.9747 1332.72 60 47 43
-450.29 48.5375 1417.18 29 25 21
-431.013 61.3424 1459.77 167 174 170
73.3375 36.553 887.024 147 150 140
47.5557 48.8824 852.125 55 48 36
-493.535 197.476 1214.23 255 255 236
109.418 183.07 936.428 164 126 101
-522.451 -55.0498 1317.16 59 52 42
-522.451 -55.0498 1317.16 59 52 42
-511.561 -18.9341 1336.93 163 158 149
209.119 42.0796 1082.51 74 47 37
-66.7768 65.4114 877.188 172 173 159
-600.073 199.772 1266.21 253 252 254
58.7325 325.046 984.813 254 253 251
58.7325 325.046 984.813 254 253 251
-476.83 32.3394 1391.53 183 155 143
-476.83 32.3394 1391.53 183 155 143
-443.227 201.537 1448.8 193 156 139
-443.227 201.537 1448.8 193 156 139
-455.221 261.594 1429.23 70 53 54
-42.1682 211.659 977.835 155 131 119
75.7588 463.053 1184.62 247 255 251
237.69 506.632 1279.05 138 169 171
157.071 533.182 1175.54 219 246 242
-478.119 -96.0402 1417.81 49 45 32
117.653 29.1442 946.909 56 46 38
-45.5717 35.839 865.758 139 135 127
39.4349 110.647 897.94 155 183 140
-397.134 238.543 1596.06 56 49 50
-555.186 -0.28432 1242.69 48 36 26
216.417 108.292 1132.01 84 53 54
152.029 454.968 1150.79 194 221 221
-89.599 -32.6026 169.573 121 108 86
-633.052 38.3733 1223.29 252 252 239
-552.547 193.229 1252.09 218 198 178
123.308 23.2992 1002.23 53 44 37
123.308 23.2992 1002.23 53 44 37
