-815.478 -471.66 1972.86 84 97 86
-788.169 -406.683 2078 66 60 46
-896.036 -401.839 2468.62 73 67 55
-888.483 -307.056 2002.42 123 122 111
-790.975 -337.961 2250.33 143 149 144
-740.141 -228.16 1682.26 129 127 118
436.161 -174.872 1489.84 55 43 41
588.955 -184.827 1735.51 68 70 70
-1040.36 -225.847 2527.38 156 135 112
565.254 -98.0012 1675.11 255 255 225
-66.8077 -8.44875 88.39 161 150 127
398.103 -73.9687 1516.96 32 11 6
95.2522 -54.7876 1258.01 166 123 90
509.938 -65.0114 1568.58 255 254 225
457.848 -51.87 1544.67 144 126 96
469.81 -44.4078 1560.64 255 248 221
-79.5368 33.8318 1073.08 253 239 215
-79.5368 33.8318 1073.08 253 239 215
481.68 66.3469 1564.96 255 253 220
106.418 74.3266 1243.5 255 242 219
576.349 101.5 1689.22 255 255 236
576.349 101.5 1689.22 255 255 236
562.428 137.799 1665.52 245 235 223
-113.92 102.657 1105.69 164 140 134
393.004 263.647 1758.7 34 45 53
60.3488 198.095 1214.33 113 86 74
-168.765 223.201 1217.03 65 12 5
34.6823 224.064 1171.96 212 187 186
475.084 385.084 1710.68 252 255 255
81.0453 307.837 1269.77 146 139 133
48.6643 231.141 967.76 255 252 239
69.9363 289.225 1181.34 125 129 116
-14.7778 369.101 1160.65 247 248 235
-127.884 487.444 1382.32 221 204 191
-117.444 504.173 1406.15 224 218 203
-84.0473 485.651 1355.69 38 25 15
-48.2133 478.208 1252.6 26 15 4
502.035 -223.484 1470.52 117 122 119
441.46 -238.84 1653.41 166 187 192
281.177 -155.272 1514.04 99 105 78
427.514 -112.262 1499.37 80 65 62
576.237 -104.653 1642.66 252 255 237
576.237 -104.653 1642.66 252 255 237
408.24 -64.295 1545.31 188 167 154
-1312.29 -37.566 1804.37 169 157 136
-1532.06 -36.7082 2394.05 81 81 66
389.536 14.8794 1417.61 96 74 71
116.055 67.3181 1263.81 198 127 92
-23.0237 84.7489 1120.82 250 252 251
113.87 93.8434 1206.01 194 148 128
524.85 139.546 1625.46 159 147 120
44.3054 167.178 1242.53 253 253 239
-82.484 174.124 1097.19 211 168 161
-63.3085 186.729 1086.64 77 54 48
-11.9077 249.824 1177.17 255 254 233
-100.732 315.245 1264.61 69 44 38
-142.749 343.565 1280.79 158 107 79
113.171 393.688 1307.32 255 255 236
-946.719 -466.395 1596.62 75 78 73
-946.719 -466.395 1596.62 75 78 73
-655.943 -352.091 1750.1 162 155 153
-991.315 -387.629 2128.75 140 135 125
-1200.11 -262.961 1711.91 44 54 46
307.216 -172.353 1582.72 47 54 42
413.349 -125.589 1476.34 131 126 111
433.322 -113.78 1515.68 83 67 63
565.806 -115.866 1657.43 143 144 117
397.082 -85.0202 1456.72 38 19 12
17.0343 -43.1054 1301.16 170 173 171
-1526.58 -33.9283 2056.63 138 127 104
487.134 -13.9697 1539.15 142 120 112
65.4541 -2.87621 1188.29 108 57 44
418.938 20.1306 1527.28 81 64 55
-248.396 13.7694 1160.83 97 81 64
-27.0603 16.2077 1132.65 233 215 196
444.552 23.1801 1550.6 255 254 246
444.552 23.1801 1550.6 255 254 246
-41.7938 22.9544 1016.25 236 224 203
-41.7938 22.9544 1016.25 236 224 203
544.604 95.0095 1688.95 255 249 226
513.647 183.452 1667.12 242 243 230
-71.8649 124.823 1081.98 99 22 4
432.983 259.355 1838.93 162 192 181
406.531 302.058 1728.82 107 135 137
478.541 308.425 1706.78 247 254 251
486.252 377.343 1743.82 151 170 174
-48.0479 271.019 1142.29 239 248 233
-55.9061 281.876 1147.21 63 37 32
-30.4196 360.873 1162.31 248 255 253
-75.4374 397.538 1242.63 59 37 25
-11.4164 454.912 1198.68 253 246 232
-1252.93 -222.21 1771.54 136 147 135
-1249.39 -213.539 1838.62 56 64 56
342.518 -173.815 1559.05 25 15 8
475.609 -124.478 1544.96 98 79 65
432.209 -94.662 1512.46 255 253 251
31.2241 22.6793 1163.43 255 239 223
-146.302 66.2834 1085.03 53 29 18
-27.2787 77.9155 1013.82 247 255 255
470.266 214.132 1691.12 225 238 233
457.461 308.295 1758.29 192 220 214
-115.662 265.12 1171.1 59 38 25
-31.2665 263.177 1148.26 169 74 57
-6.52469 269.583 1164.51 255 250 255
114.924 316.599 1305.99 254 251 255
1.09959 363.076 1205.76 252 251 251
12.9936 427.269 1228.02 71 62 57
12.9936 427.269 1228.02 71 62 57
-1568.19 -243.89 2116.64 127 135 127
-1594.04 -213.666 2482.15 132 141 137
-73.0367 37.3855 1066.72 219 201 173
332.228 84.6435 1572.86 122 127 103
87.0821 184.344 1236.67 255 251 255
-26.9941 206.621 1153.75 239 197 164
6.71789 257.363 1184.24 157 119 99
-36.355 288.103 1155.36 250 251 253
-138.557 341.118 1289.98 150 91 60
-45.2881 351.399 1177.29 64 40 35
-1205.06 -237.224 2044.01 67 80 74
-3.35214 99.0919 1119.68 236 140 122
-63.4925 101.016 1076.5 252 251 246
378.891 251.274 1753.49 78 89 106
378.891 251.274 1753.49 78 89 106
-143.903 262.468 1220.19 156 113 90
-1464.55 -303.804 2094.03 89 95 88
380.897 -211.351 1600.14 169 141 131
519.063 -200.162 1593.79 103 95 93
-1353.84 -292.545 1821.46 124 144 134
-1353.84 -292.545 1821.46 124 144 134
-1408.97 -174.773 2084.51 83 69 59
39.9929 15.0298 1123.09 255 233 205
-123.397 345.452 1279.93 137 89 54
-15.2249 356.983 1178.04 255 252 250
-207.105 86.017 1087.69 74 51 37
-214.119 197.3 1268.72 86 58 44
372.797 345.394 1809.36 82 69 58
-689.141 -371.822 2016.88 131 135 130
-106.567 71.7431 1085.94 68 40 38
314.473 109.145 1818.4 42 36 33
253.013 -122.1 1621.95 74 74 70
501.586 -14.8715 1548.5 253 252 251
-154.512 111.203 1099.47 180 137 116
-149.33 274.346 1305.79 140 98 73
326.794 54.9315 1522.78 77 91 61
326.794 54.9315 1522.78 77 91 61
