-206.278 -660.008 2096.61 149 155 152
311.002 -780.011 2523.56 151 156 154
-151.355 -551.626 2231.77 235 234 225
-396.645 21.3875 1075.22 145 137 116
-383.419 22.8536 1109.94 169 152 127
-388.669 68.8953 1066.56 49 34 21
382.048 82.5501 1026.89 166 182 162
-366.766 123.568 1149.06 55 41 32
-462 104.569 898.605 254 235 215
-440.194 118.346 987.374 56 25 23
-440.194 118.346 987.374 56 25 23
-438.732 130.292 997.017 69 15 11
360.263 158.731 1070.8 8 16 10
-505.265 168.153 1017.28 149 115 107
-413.405 190.19 1020.84 251 227 217
-415.808 187.645 991.919 251 243 209
300.948 309.767 1173.26 225 217 186
-319.457 296.674 1085.12 150 133 123
-606.354 302.55 1062.01 234 238 222
-367.267 325.482 1091.92 165 136 117
-571.676 324.4 1044.88 118 105 108
-569.95 346.053 1106.64 171 158 162
-345.478 349.735 1029.91 253 225 195
-430.229 410.817 1157.83 192 203 187
-424.878 400.106 1119.63 246 255 237
-532.19 389.767 1087.96 255 246 236
454.501 487.032 1334.41 80 100 102
408.696 484.749 1309.05 238 255 253
-473.457 461.744 1196.99 221 241 206
-367.587 596.245 1271.73 53 73 60
-280.096 -622.355 1972.94 91 90 81
-223.618 -509.292 2009.82 68 45 24
-365.831 -537.318 2170.68 133 103 84
347.232 -179.819 1149.85 86 92 92
319.497 -113.465 992.444 43 53 70
199.239 -100.946 1016.49 246 209 212
259.601 -86.3838 976.442 44 61 75
-390.364 41.0313 949.502 105 74 49
-375.857 52.6767 1130.98 146 141 133
-377.379 63.2505 1132.76 29 30 26
193.269 58.9272 1016.98 252 251 227
316.064 72.0734 1013.68 253 252 228
316.064 72.0734 1013.68 253 252 228
-508.296 79.8141 979.36 251 232 209
-642.002 94.9994 957.472 253 250 226
-458.365 98.4872 971.829 218 183 167
-458.365 98.4872 971.829 218 183 167
96.8103 110.513 1012.13 218 207 196
-383.144 113.517 991.565 254 248 238
-460.914 136.48 989.407 199 168 157
-402.151 153.285 1025.6 147 97 69
-367.898 172.887 1014.02 255 247 233
-575.284 172.313 1002.36 254 249 227
223.457 246.99 1110.57 245 249 243
156.47 247.279 1089.14 181 183 150
213.188 231.986 1019.93 134 135 131
-382.692 244.466 1033.17 182 127 104
144.514 278.422 1164.25 75 70 62
183.499 268.445 1114.02 219 219 188
183.499 268.445 1114.02 219 219 188
270.636 315.66 1211.48 246 227 201
-495.45 290.582 1049.86 255 247 236
368.804 354.7 1191.37 165 192 185
350.215 358.589 1194.94 154 169 166
-597.328 326.826 1068.21 250 251 253
284.552 381.068 1229.2 160 191 186
376.823 402.339 1225.58 83 110 115
283.552 428.252 1264.68 20 68 99
-308.04 406.386 1170.54 175 172 163
-536.369 408.222 1161.88 211 214 189
-457.492 377.872 1063.03 220 237 207
368.279 477.018 1257.71 126 145 155
-549.63 441.155 1145.07 247 247 242
-513.595 462.878 1156.38 119 117 89
367.596 498.78 1237.63 245 253 251
279.186 -644.735 1946.2 172 172 166
-351.392 -661.578 2091.16 141 138 138
-351.392 -661.578 2091.16 141 138 138
-586.333 -507.684 2484.53 91 88 82
193.225 -73.7316 990.029 179 193 183
173.625 -39.8419 945.82 166 159 140
-394.113 2.00651 1092.27 58 48 42
337.107 26.3588 990.842 113 123 99
-392.673 39.8347 1038.98 154 144 125
-392.673 39.8347 1038.98 154 144 125
244.541 81.5549 1005.41 117 93 76
-345.049 108.073 1215.84 51 32 24
126.041 93.4695 1003.7 206 200 171
340.89 98.3377 1031.56 51 53 39
-616.444 97.2635 973.99 132 100 82
-372.907 112.46 1069.46 126 118 99
214.004 117.823 1089.38 146 91 61
159.706 110.619 989.212 232 218 188
159.706 110.619 989.212 232 218 188
-345.396 148.141 1222.7 171 165 163
-412.588 126.2 999.772 172 137 116
-412.588 126.2 999.772 172 137 116
-418.801 130.867 994.001 163 118 98
-578.738 141.327 972.962 250 255 249
-414.925 147.733 1003.15 189 119 95
-414.925 147.733 1003.15 189 119 95
218.189 162.013 1052.08 249 231 217
248.857 190.717 1037.8 81 56 45
258.913 193.323 1027.06 253 251 241
317.905 243.918 1050.7 251 254 248
372.035 302.07 1091.81 123 125 98
-550.334 324.617 1069.48 255 252 251
256.045 406.044 1264.43 62 87 100
398.386 439.305 1243.54 114 148 151
-306.554 432.843 1154.69 73 69 57
-323.359 444.479 1166.75 247 248 238
386.624 511.735 1257 159 173 165
312.844 527.443 1277.17 202 232 226
-298.083 644.049 1368.9 100 113 110
-420.293 -568.976 1939.66 97 86 77
-420.293 -568.976 1939.66 97 86 77
-294.262 -530.806 2100.03 102 50 41
323.836 -15.8988 956.693 123 146 124
-447.527 30.4183 1013.63 43 81 83
-515.32 41.6568 1117.25 31 65 73
90.4864 57.7493 1039.51 105 73 77
369.937 72.851 1035.32 255 254 240
122.463 77.433 971.241 89 67 62
-348.517 106.339 1208.52 105 83 76
96.9773 96.1819 998.138 228 215 216
250.611 111.362 1048.65 226 139 102
-544.418 119.851 999.09 202 132 105
266.527 198.117 1051.48 251 249 240
126.247 218.072 1085.14 76 56 48
326.715 256.746 1055.61 201 188 130
-321.924 346.84 1189.57 75 59 51
-587.898 316.858 1069.49 255 253 250
328.817 389.222 1286.7 229 245 244
-329.414 417.811 1199.98 131 79 53
414.68 531.972 1297.58 199 227 228
400.831 562.794 1286.92 251 253 251
203.806 -109.133 1070.82 212 179 169
71.6323 -62.7133 1038.91 56 51 46
160.353 -51.0384 968.165 30 28 26
352.023 -40.1375 955.003 228 228 208
117.051 16.626 962.752 113 105 86
313.243 77.5069 1003.17 245 238 213
-635.241 151.113 996.093 253 251 254
-635.241 151.113 996.093 253 251 254
-594.399 168.999 1015.09 254 252 236
-594.399 168.999 1015.09 254 252 236
130.95 185.541 1086.73 245 246 248
-340.259 295.118 1104.4 120 86 68
-309.172 395.883 1348.82 153 148 136
-591.337 352.703 1092.94 250 254 254
-591.337 352.703 1092.94 250 254 254
-591.337 352.703 1092.94 250 254 254
-571.735 398.994 1128.99 252 252 247
-198.237 -480.119 1617.64 145 152 147
-373.368 69.5447 1133.29 69 59 53
-491.506 182.471 1018.38 177 150 134
-491.506 182.471 1018.38 177 150 134
-402.849 199.768 1037.37 248 244 236
-487.772 213.399 1034.81 140 95 71
-340.868 275.201 1176.12 78 64 52
-572.945 438.777 1137.39 254 254 251
-359.525 24.1833 1219.13 156 153 140
-378.34 46.9508 1102.23 149 143 132
-370.104 55.7909 1185.02 72 67 58
214.112 127.377 1020.44 221 192 174
-536.674 161.815 962.035 196 131 105
-516.099 318.421 1059 252 254 255
-533.533 145.592 999.501 253 255 249
-326.987 220.892 1242.77 72 55 51
-453.184 184.437 1019.96 235 198 175
-453.184 184.437 1019.96 235 198 175
-366.935 289.137 1102.27 254 250 253
-477.67 391.429 1078.93 170 198 159
-152.719 -378.064 1535.07 96 72 53
-389.892 -11.5031 1153.09 112 92 79
-419.239 55.821 974.575 226 192 156
-419.239 55.821 974.575 226 192 156
-513.045 88.0619 1000.61 209 174 159
138.178 126.496 1091.08 141 87 69
-1215.3 -339.183 2104.44 144 161 152
-607.74 -331.209 1288.14 91 95 90
339.298 -43.6082 958.599 136 161 119
331.605 425.22 1270.36 200 227 227
-723.57 -254.06 1372.82 24 24 20
319.836 196.519 1071.98 252 251 248
319.836 196.519 1071.98 252 251 248
-384.019 -249.036 1001.35 26 20 15
226.535 -148.791 1058.45 85 84 85
-354.319 184.935 1155.5 77 62 52
-378.395 319.827 1011.28 252 253 252
